0.0e0 0.0e0 1.0e0 1.0e0
1.0e-1 0.0e0 9.5705498e-1 9.5705498e-1
2.0e-1 0.0e0 9.1775002e-1 9.1775002e-1
3.0e-1 0.0e0 8.8179001e-1 8.8179001e-1
4.0e-1 0.0e0 8.4887497e-1 8.4887497e-1
5.0e-1 0.0e0 8.1887001e-1 8.1887001e-1
6.0e-1 0.0e0 7.9141998e-1 7.9141998e-1
7.0e-1 0.0e0 7.6635498e-1 7.6635498e-1
8.0e-1 0.0e0 7.4341003e-1 7.4341003e-1
9.0e-1 0.0e0 7.2245003e-1 7.2245003e-1
1.0e0 0.0e0 7.0329498e-1 7.0329498e-1
1.1e0 0.0e0 6.8579002e-1 6.8579002e-1
1.2e0 0.0e0 6.6984001e-1 6.6984001e-1
1.3e0 0.0e0 6.5517998e-1 6.5517998e-1
1.4e0 0.0e0 6.4182999e-1 6.4182999e-1
1.5e0 0.0e0 6.2962997e-1 6.2962997e-1
1.6e0 0.0e0 6.1847504e-1 6.1847504e-1
1.7e0 0.0e0 6.0827003e-1 6.0827003e-1
1.8e0 0.0e0 5.9897003e-1 5.9897003e-1
1.9e0 0.0e0 5.9041496e-1 5.9041496e-1
2.0e0 0.0e0 5.8266502e-1 5.8266502e-1
2.1e0 0.0e0 5.7551498e-1 5.7551498e-1
2.2e0 0.0e0 5.6901497e-1 5.6901497e-1
2.3e0 0.0e0 5.6306503e-1 5.6306503e-1
2.4e0 0.0e0 5.5766502e-1 5.5766502e-1
2.5e0 0.0e0 5.5271004e-1 5.5271004e-1
2.6e0 0.0e0 5.481629e-1 5.481629e-1
2.7e0 0.0e0 5.4401768e-1 5.4401768e-1
2.8e0 0.0e0 5.4022853e-1 5.4022853e-1
2.9e0 0.0e0 5.3676624e-1 5.3676624e-1
3.0e0 0.0e0 5.336018e-1 5.336018e-1
3.1e0 0.0e0 5.3070988e-1 5.3070988e-1
3.2e0 0.0e0 5.2806653e-1 5.2806653e-1
3.3e0 0.0e0 5.2565099e-1 5.2565099e-1
3.4e0 0.0e0 5.2344324e-1 5.2344324e-1
3.5e0 0.0e0 5.2142561e-1 5.2142561e-1
3.6e0 0.0e0 5.1958122e-1 5.1958122e-1
3.7e0 0.0e0 5.1789583e-1 5.1789583e-1
3.8e0 0.0e0 5.1635556e-1 5.1635556e-1
3.9e0 0.0e0 5.1494792e-1 5.1494792e-1
4.0e0 0.0e0 5.1366133e-1 5.1366133e-1
4.1e0 0.0e0 5.124855e-1 5.124855e-1
4.2e0 0.0e0 5.1141103e-1 5.1141103e-1
4.3e0 0.0e0 5.1042882e-1 5.1042882e-1
4.4e0 0.0e0 5.0953105e-1 5.0953105e-1
4.5e0 0.0e0 5.087108e-1 5.087108e-1
4.6e0 0.0e0 5.0796103e-1 5.0796103e-1
4.7e0 0.0e0 5.0727588e-1 5.0727588e-1
4.8e0 0.0e0 5.0664961e-1 5.0664961e-1
4.9e0 0.0e0 5.0607732e-1 5.0607732e-1
5.0e0 0.0e0 5.0555428e-1 5.0555428e-1

0.0e0 1.0e-1 9.8033005e-1 9.8033005e-1
1.0e-1 1.0e-1 9.3817001e-1 9.3817001e-1
2.0e-1 1.0e-1 8.9961502e-1 8.9961502e-1
3.0e-1 1.0e-1 8.6435005e-1 8.6435005e-1
4.0e-1 1.0e-1 8.32145e-1 8.32145e-1
5.0e-1 1.0e-1 8.0274002e-1 8.0274002e-1
6.0e-1 1.0e-1 7.7583e-1 7.7583e-1
7.0e-1 1.0e-1 7.5123001e-1 7.5123001e-1
8.0e-1 1.0e-1 7.2876503e-1 7.2876503e-1
9.0e-1 1.0e-1 7.0821503e-1 7.0821503e-1
1.0e0 1.0e-1 6.8945999e-1 6.8945999e-1
1.1e0 1.0e-1 6.7230003e-1 6.7230003e-1
1.2e0 1.0e-1 6.5660004e-1 6.5660004e-1
1.3e0 1.0e-1 6.42295e-1 6.42295e-1
1.4e0 1.0e-1 6.2919502e-1 6.2919502e-1
1.5e0 1.0e-1 6.1723999e-1 6.1723999e-1
1.6e0 1.0e-1 6.0629005e-1 6.0629005e-1
1.7e0 1.0e-1 5.9629005e-1 5.9629005e-1
1.8e0 1.0e-1 5.8713501e-1 5.8713501e-1
1.9e0 1.0e-1 5.7878006e-1 5.7878006e-1
2.0e0 1.0e-1 5.7118004e-1 5.7118004e-1
2.1e0 1.0e-1 5.6418e-1 5.6418e-1
2.2e0 1.0e-1 5.5783005e-1 5.5783005e-1
2.3e0 1.0e-1 5.5198006e-1 5.5198006e-1
2.4e0 1.0e-1 5.4667503e-1 5.4667503e-1
2.5e0 1.0e-1 5.4182503e-1 5.4182503e-1
2.6e0 1.0e-1 5.373739e-1 5.373739e-1
2.7e0 1.0e-1 5.3331091e-1 5.3331091e-1
2.8e0 1.0e-1 5.2959727e-1 5.2959727e-1
2.9e0 1.0e-1 5.2620319e-1 5.2620319e-1
3.0e0 1.0e-1 5.2310162e-1 5.2310162e-1
3.1e0 1.0e-1 5.2026682e-1 5.2026682e-1
3.2e0 1.0e-1 5.1767607e-1 5.1767607e-1
3.3e0 1.0e-1 5.1530775e-1 5.1530775e-1
3.4e0 1.0e-1 5.1314392e-1 5.1314392e-1
3.5e0 1.0e-1 5.1116609e-1 5.1116609e-1
3.6e0 1.0e-1 5.0935872e-1 5.0935872e-1
3.7e0 1.0e-1 5.077066e-1 5.077066e-1
3.8e0 1.0e-1 5.0619685e-1 5.0619685e-1
3.9e0 1.0e-1 5.0481711e-1 5.0481711e-1
4.0e0 1.0e-1 5.0355592e-1 5.0355592e-1
4.1e0 1.0e-1 5.0240323e-1 5.0240323e-1
4.2e0 1.0e-1 5.0134993e-1 5.0134993e-1
4.3e0 1.0e-1 5.0038728e-1 5.0038728e-1
4.4e0 1.0e-1 4.9950745e-1 4.9950745e-1
4.5e0 1.0e-1 4.9870334e-1 4.9870334e-1
4.6e0 1.0e-1 4.9796848e-1 4.9796848e-1
4.7e0 1.0e-1 4.9729688e-1 4.9729688e-1
4.8e0 1.0e-1 4.96683e-1 4.96683e-1
4.9e0 1.0e-1 4.9612206e-1 4.9612206e-1
5.0e0 1.0e-1 4.9560927e-1 4.9560927e-1

0.0e0 2.0e-1 9.6102997e-1 9.6102997e-1
1.0e-1 2.0e-1 9.1966995e-1 9.1966995e-1
2.0e-1 2.0e-1 8.8185997e-1 8.8185997e-1
3.0e-1 2.0e-1 8.4729996e-1 8.4729996e-1
4.0e-1 2.0e-1 8.1574501e-1 8.1574501e-1
5.0e-1 2.0e-1 7.8688995e-1 7.8688995e-1
6.0e-1 2.0e-1 7.6053001e-1 7.6053001e-1
7.0e-1 2.0e-1 7.3641998e-1 7.3641998e-1
8.0e-1 2.0e-1 7.1436996e-1 7.1436996e-1
9.0e-1 2.0e-1 6.9425995e-1 6.9425995e-1
1.0e0 2.0e-1 6.7585999e-1 6.7585999e-1
1.1e0 2.0e-1 6.5905998e-1 6.5905998e-1
1.2e0 2.0e-1 6.4365501e-1 6.4365501e-1
1.3e0 2.0e-1 6.29645e-1 6.29645e-1
1.4e0 2.0e-1 6.1679001e-1 6.1679001e-1
1.5e0 2.0e-1 6.0503998e-1 6.0503998e-1
1.6e0 2.0e-1 5.9433998e-1 5.9433998e-1
1.7e0 2.0e-1 5.8453499e-1 5.8453499e-1
1.8e0 2.0e-1 5.7558502e-1 5.7558502e-1
1.9e0 2.0e-1 5.6738495e-1 5.6738495e-1
2.0e0 2.0e-1 5.5992996e-1 5.5992996e-1
2.1e0 2.0e-1 5.5307999e-1 5.5307999e-1
2.2e0 2.0e-1 5.4682999e-1 5.4682999e-1
2.3e0 2.0e-1 5.4112495e-1 5.4112495e-1
2.4e0 2.0e-1 5.3592499e-1 5.3592499e-1
2.5e0 2.0e-1 5.3112e-1 5.3112e-1
2.6e0 2.0e-1 5.2678893e-1 5.2678893e-1
2.7e0 2.0e-1 5.2280634e-1 5.2280634e-1
2.8e0 2.0e-1 5.1916652e-1 5.1916652e-1
2.9e0 2.0e-1 5.1583989e-1 5.1583989e-1
3.0e0 2.0e-1 5.1279893e-1 5.1279893e-1
3.1e0 2.0e-1 5.1002039e-1 5.1002039e-1
3.2e0 2.0e-1 5.0748087e-1 5.0748087e-1
3.3e0 2.0e-1 5.0516017e-1 5.0516017e-1
3.4e0 2.0e-1 5.0303883e-1 5.0303883e-1
3.5e0 2.0e-1 5.0110023e-1 5.0110023e-1
3.6e0 2.0e-1 4.9932855e-1 4.9932855e-1
3.7e0 2.0e-1 4.9770944e-1 4.9770944e-1
3.8e0 2.0e-1 4.9622923e-1 4.9622923e-1
3.9e0 2.0e-1 4.9487675e-1 4.9487675e-1
4.0e0 2.0e-1 4.9364061e-1 4.9364061e-1
4.1e0 2.0e-1 4.9251102e-1 4.9251102e-1
4.2e0 2.0e-1 4.9147842e-1 4.9147842e-1
4.3e0 2.0e-1 4.9053482e-1 4.9053482e-1
4.4e0 2.0e-1 4.896724e-1 4.896724e-1
4.5e0 2.0e-1 4.8888428e-1 4.8888428e-1
4.6e0 2.0e-1 4.8816397e-1 4.8816397e-1
4.7e0 2.0e-1 4.8750551e-1 4.8750551e-1
4.8e0 2.0e-1 4.8690387e-1 4.8690387e-1
4.9e0 2.0e-1 4.86354e-1 4.86354e-1
5.0e0 2.0e-1 4.8585146e-1 4.8585146e-1

0.0e0 3.0e-1 9.4192993e-1 9.4192993e-1
1.0e-1 3.0e-1 9.0141495e-1 9.0141495e-1
2.0e-1 3.0e-1 8.6435997e-1 8.6435997e-1
3.0e-1 3.0e-1 8.3049995e-1 8.3049995e-1
4.0e-1 3.0e-1 7.9953995e-1 7.9953995e-1
5.0e-1 3.0e-1 7.7127998e-1 7.7127998e-1
6.0e-1 3.0e-1 7.4542496e-1 7.4542496e-1
7.0e-1 3.0e-1 7.2177498e-1 7.2177498e-1
8.0e-1 3.0e-1 7.00215e-1 7.00215e-1
9.0e-1 3.0e-1 6.8045998e-1 6.8045998e-1
1.0e0 3.0e-1 6.6245499e-1 6.6245499e-1
1.1e0 3.0e-1 6.4595497e-1 6.4595497e-1
1.2e0 3.0e-1 6.3089996e-1 6.3089996e-1
1.3e0 3.0e-1 6.1714493e-1 6.1714493e-1
1.4e0 3.0e-1 6.0453995e-1 6.0453995e-1
1.5e0 3.0e-1 5.9304497e-1 5.9304497e-1
1.6e0 3.0e-1 5.8253494e-1 5.8253494e-1
1.7e0 3.0e-1 5.7293999e-1 5.7293999e-1
1.8e0 3.0e-1 5.6413498e-1 5.6413498e-1
1.9e0 3.0e-1 5.5612999e-1 5.5612999e-1
2.0e0 3.0e-1 5.4877495e-1 5.4877495e-1
2.1e0 3.0e-1 5.4208e-1 5.4208e-1
2.2e0 3.0e-1 5.3597496e-1 5.3597496e-1
2.3e0 3.0e-1 5.3037498e-1 5.3037498e-1
2.4e0 3.0e-1 5.2526993e-1 5.2526993e-1
2.5e0 3.0e-1 5.2059468e-1 5.2059468e-1
2.6e0 3.0e-1 5.1632315e-1 5.1632315e-1
2.7e0 3.0e-1 5.1241858e-1 5.1241858e-1
2.8e0 3.0e-1 5.0885078e-1 5.0885078e-1
2.9e0 3.0e-1 5.055902e-1 5.055902e-1
3.0e0 3.0e-1 5.0261017e-1 5.0261017e-1
3.1e0 3.0e-1 4.9988626e-1 4.9988626e-1
3.2e0 3.0e-1 4.9739699e-1 4.9739699e-1
3.3e0 3.0e-1 4.9512218e-1 4.9512218e-1
3.4e0 3.0e-1 4.930431e-1 4.930431e-1
3.5e0 3.0e-1 4.9114241e-1 4.9114241e-1
3.6e0 3.0e-1 4.8940572e-1 4.8940572e-1
3.7e0 3.0e-1 4.8781882e-1 4.8781882e-1
3.8e0 3.0e-1 4.8636813e-1 4.8636813e-1
3.9e0 3.0e-1 4.8504231e-1 4.8504231e-1
4.0e0 3.0e-1 4.8383075e-1 4.8383075e-1
4.1e0 3.0e-1 4.827234e-1 4.827234e-1
4.2e0 3.0e-1 4.8171143e-1 4.8171143e-1
4.3e0 3.0e-1 4.8078648e-1 4.8078648e-1
4.4e0 3.0e-1 4.7994104e-1 4.7994104e-1
4.5e0 3.0e-1 4.7916852e-1 4.7916852e-1
4.6e0 3.0e-1 4.7846243e-1 4.7846243e-1
4.7e0 3.0e-1 4.7781715e-1 4.7781715e-1
4.8e0 3.0e-1 4.7722734e-1 4.7722734e-1
4.9e0 3.0e-1 4.7668835e-1 4.7668835e-1
5.0e0 3.0e-1 4.7619574e-1 4.7619574e-1

0.0e0 4.0e-1 9.2330994e-1 9.2330994e-1
1.0e-1 4.0e-1 8.83555e-1 8.83555e-1
2.0e-1 4.0e-1 8.4724495e-1 8.4724495e-1
3.0e-1 4.0e-1 8.1408493e-1 8.1408493e-1
4.0e-1 4.0e-1 7.8372993e-1 7.8372993e-1
5.0e-1 4.0e-1 7.5601997e-1 7.5601997e-1
6.0e-1 4.0e-1 7.3066498e-1 7.3066498e-1
7.0e-1 4.0e-1 7.0751e-1 7.0751e-1
8.0e-1 4.0e-1 6.8635498e-1 6.8635498e-1
9.0e-1 4.0e-1 6.6699997e-1 6.6699997e-1
1.0e0 4.0e-1 6.4934494e-1 6.4934494e-1
1.1e0 4.0e-1 6.3319496e-1 6.3319496e-1
1.2e0 4.0e-1 6.1838493e-1 6.1838493e-1
1.3e0 4.0e-1 6.04935e-1 6.04935e-1
1.4e0 4.0e-1 5.9258499e-1 5.9258499e-1
1.5e0 4.0e-1 5.8132996e-1 5.8132996e-1
1.6e0 4.0e-1 5.7102997e-1 5.7102997e-1
1.7e0 4.0e-1 5.6157494e-1 5.6157494e-1
1.8e0 4.0e-1 5.5296997e-1 5.5296997e-1
1.9e0 4.0e-1 5.4511993e-1 5.4511993e-1
2.0e0 4.0e-1 5.3792e-1 5.3792e-1
2.1e0 4.0e-1 5.3136497e-1 5.3136497e-1
2.2e0 4.0e-1 5.2536995e-1 5.2536995e-1
2.3e0 4.0e-1 5.1986496e-1 5.1986496e-1
2.4e0 4.0e-1 5.1486e-1 5.1486e-1
2.5e0 4.0e-1 5.1030136e-1 5.1030136e-1
2.6e0 4.0e-1 5.061146e-1 5.061146e-1
2.7e0 4.0e-1 5.0228807e-1 5.0228807e-1
2.8e0 4.0e-1 4.9879057e-1 4.9879057e-1
2.9e0 4.0e-1 4.9559459e-1 4.9559459e-1
3.0e0 4.0e-1 4.9267348e-1 4.9267348e-1
3.1e0 4.0e-1 4.9000365e-1 4.9000365e-1
3.2e0 4.0e-1 4.8756348e-1 4.8756348e-1
3.3e0 4.0e-1 4.8533356e-1 4.8533356e-1
3.4e0 4.0e-1 4.8329573e-1 4.8329573e-1
3.5e0 4.0e-1 4.8143301e-1 4.8143301e-1
3.6e0 4.0e-1 4.7973077e-1 4.7973077e-1
3.7e0 4.0e-1 4.7817497e-1 4.7817497e-1
3.8e0 4.0e-1 4.767531e-1 4.767531e-1
3.9e0 4.0e-1 4.754537e-1 4.754537e-1
4.0e0 4.0e-1 4.7426614e-1 4.7426614e-1
4.1e0 4.0e-1 4.7318048e-1 4.7318048e-1
4.2e0 4.0e-1 4.7218852e-1 4.7218852e-1
4.3e0 4.0e-1 4.7128197e-1 4.7128197e-1
4.4e0 4.0e-1 4.7045337e-1 4.7045337e-1
4.5e0 4.0e-1 4.69696e-1 4.69696e-1
4.6e0 4.0e-1 4.6900403e-1 4.6900403e-1
4.7e0 4.0e-1 4.6837149e-1 4.6837149e-1
4.8e0 4.0e-1 4.677934e-1 4.677934e-1
4.9e0 4.0e-1 4.6726497e-1 4.6726497e-1
5.0e0 4.0e-1 4.6678217e-1 4.6678217e-1

0.0e0 5.0e-1 9.0501007e-1 9.0501007e-1
1.0e-1 5.0e-1 8.6605003e-1 8.6605003e-1
2.0e-1 5.0e-1 8.3049507e-1 8.3049507e-1
3.0e-1 5.0e-1 7.9793503e-1 7.9793503e-1
4.0e-1 5.0e-1 7.6822502e-1 7.6822502e-1
5.0e-1 5.0e-1 7.4102005e-1 7.4102005e-1
6.0e-1 5.0e-1 7.1621506e-1 7.1621506e-1
7.0e-1 5.0e-1 6.9351006e-1 6.9351006e-1
8.0e-1 5.0e-1 6.7275505e-1 6.7275505e-1
9.0e-1 5.0e-1 6.5380005e-1 6.5380005e-1
1.0e0 5.0e-1 6.3644005e-1 6.3644005e-1
1.1e0 5.0e-1 6.2064003e-1 6.2064003e-1
1.2e0 5.0e-1 6.0614006e-1 6.0614006e-1
1.3e0 5.0e-1 5.9293007e-1 5.9293007e-1
1.4e0 5.0e-1 5.8083e-1 5.8083e-1
1.5e0 5.0e-1 5.6977501e-1 5.6977501e-1
1.6e0 5.0e-1 5.5967506e-1 5.5967506e-1
1.7e0 5.0e-1 5.50475e-1 5.50475e-1
1.8e0 5.0e-1 5.4202003e-1 5.4202003e-1
1.9e0 5.0e-1 5.3432503e-1 5.3432503e-1
2.0e0 5.0e-1 5.2726501e-1 5.2726501e-1
2.1e0 5.0e-1 5.2086502e-1 5.2086502e-1
2.2e0 5.0e-1 5.1496506e-1 5.1496506e-1
2.3e0 5.0e-1 5.0956505e-1 5.0956505e-1
2.4e0 5.0e-1 5.0466507e-1 5.0466507e-1
2.5e0 5.0e-1 5.0018834e-1 5.0018834e-1
2.6e0 5.0e-1 4.9608438e-1 4.9608438e-1
2.7e0 5.0e-1 4.9233362e-1 4.9233362e-1
2.8e0 5.0e-1 4.8890588e-1 4.8890588e-1
2.9e0 5.0e-1 4.8577217e-1 4.8577217e-1
3.0e0 5.0e-1 4.8290912e-1 4.8290912e-1
3.1e0 5.0e-1 4.8029237e-1 4.8029237e-1
3.2e0 5.0e-1 4.7790076e-1 4.7790076e-1
3.3e0 5.0e-1 4.757148e-1 4.757148e-1
3.4e0 5.0e-1 4.7371725e-1 4.7371725e-1
3.5e0 5.0e-1 4.718916e-1 4.718916e-1
3.6e0 5.0e-1 4.70223e-1 4.70223e-1
3.7e0 5.0e-1 4.6869807e-1 4.6869807e-1
3.8e0 5.0e-1 4.6730414e-1 4.6730414e-1
3.9e0 5.0e-1 4.660304e-1 4.660304e-1
4.0e0 5.0e-1 4.6486632e-1 4.6486632e-1
4.1e0 5.0e-1 4.6380237e-1 4.6380237e-1
4.2e0 5.0e-1 4.6283008e-1 4.6283008e-1
4.3e0 5.0e-1 4.6194144e-1 4.6194144e-1
4.4e0 5.0e-1 4.6112921e-1 4.6112921e-1
4.5e0 5.0e-1 4.6038696e-1 4.6038696e-1
4.6e0 5.0e-1 4.5970848e-1 4.5970848e-1
4.7e0 5.0e-1 4.5908849e-1 4.5908849e-1
4.8e0 5.0e-1 4.5852182e-1 4.5852182e-1
4.9e0 5.0e-1 4.5800406e-1 4.5800406e-1
5.0e0 5.0e-1 4.5753072e-1 4.5753072e-1

0.0e0 6.0e-1 8.8712006e-1 8.8712006e-1
1.0e-1 6.0e-1 8.489e-1 8.489e-1
2.0e-1 6.0e-1 8.1404503e-1 8.1404503e-1
3.0e-1 6.0e-1 7.8213501e-1 7.8213501e-1
4.0e-1 6.0e-1 7.5303001e-1 7.5303001e-1
5.0e-1 6.0e-1 7.2637505e-1 7.2637505e-1
6.0e-1 6.0e-1 7.0202003e-1 7.0202003e-1
7.0e-1 6.0e-1 6.7976501e-1 6.7976501e-1
8.0e-1 6.0e-1 6.5945999e-1 6.5945999e-1
9.0e-1 6.0e-1 6.4085503e-1 6.4085503e-1
1.0e0 6.0e-1 6.2390503e-1 6.2390503e-1
1.1e0 6.0e-1 6.0834503e-1 6.0834503e-1
1.2e0 6.0e-1 5.9419502e-1 5.9419502e-1
1.3e0 6.0e-1 5.81185e-1 5.81185e-1
1.4e0 6.0e-1 5.6934006e-1 5.6934006e-1
1.5e0 6.0e-1 5.58535e-1 5.58535e-1
1.6e0 6.0e-1 5.4863007e-1 5.4863007e-1
1.7e0 6.0e-1 5.3957504e-1 5.3957504e-1
1.8e0 6.0e-1 5.3133003e-1 5.3133003e-1
1.9e0 6.0e-1 5.2377502e-1 5.2377502e-1
2.0e0 6.0e-1 5.1687004e-1 5.1687004e-1
2.1e0 6.0e-1 5.1052505e-1 5.1052505e-1
2.2e0 6.0e-1 5.0477005e-1 5.0477005e-1
2.3e0 6.0e-1 4.9952003e-1 4.9952003e-1
2.4e0 6.0e-1 4.9467003e-1 4.9467003e-1
2.5e0 6.0e-1 4.9029948e-1 4.9029948e-1
2.6e0 6.0e-1 4.8627614e-1 4.8627614e-1
2.7e0 6.0e-1 4.8259961e-1 4.8259961e-1
2.8e0 6.0e-1 4.7923958e-1 4.7923958e-1
2.9e0 6.0e-1 4.7616896e-1 4.7616896e-1
3.0e0 6.0e-1 4.7336192e-1 4.7336192e-1
3.1e0 6.0e-1 4.7079718e-1 4.7079718e-1
3.2e0 6.0e-1 4.6845303e-1 4.6845303e-1
3.3e0 6.0e-1 4.6631052e-1 4.6631052e-1
3.4e0 6.0e-1 4.6435228e-1 4.6435228e-1
3.5e0 6.0e-1 4.6256245e-1 4.6256245e-1
3.6e0 6.0e-1 4.6092706e-1 4.6092706e-1
3.7e0 6.0e-1 4.5943228e-1 4.5943228e-1
3.8e0 6.0e-1 4.5806625e-1 4.5806625e-1
3.9e0 6.0e-1 4.5681755e-1 4.5681755e-1
4.0e0 6.0e-1 4.5567665e-1 4.5567665e-1
4.1e0 6.0e-1 4.5463371e-1 4.5463371e-1
4.2e0 6.0e-1 4.5368068e-1 4.5368068e-1
4.3e0 6.0e-1 4.5280946e-1 4.5280946e-1
4.4e0 6.0e-1 4.520134e-1 4.520134e-1
4.5e0 6.0e-1 4.5128581e-1 4.5128581e-1
4.6e0 6.0e-1 4.5062085e-1 4.5062085e-1
4.7e0 6.0e-1 4.5001314e-1 4.5001314e-1
4.8e0 6.0e-1 4.4945776e-1 4.4945776e-1
4.9e0 6.0e-1 4.4895015e-1 4.4895015e-1
5.0e0 6.0e-1 4.4848633e-1 4.4848633e-1

0.0e0 7.0e-1 8.6949997e-1 8.6949997e-1
1.0e-1 7.0e-1 8.3209e-1 8.3209e-1
2.0e-1 7.0e-1 7.9788498e-1 7.9788498e-1
3.0e-1 7.0e-1 7.6663002e-1 7.6663002e-1
4.0e-1 7.0e-1 7.3806999e-1 7.3806999e-1
5.0e-1 7.0e-1 7.1196495e-1 7.1196495e-1
6.0e-1 7.0e-1 6.8810501e-1 6.8810501e-1
7.0e-1 7.0e-1 6.6629997e-1 6.6629997e-1
8.0e-1 7.0e-1 6.4634499e-1 6.4634499e-1
9.0e-1 7.0e-1 6.2813995e-1 6.2813995e-1
1.0e0 7.0e-1 6.1149498e-1 6.1149498e-1
1.1e0 7.0e-1 5.9628502e-1 5.9628502e-1
1.2e0 7.0e-1 5.8237999e-1 5.8237999e-1
1.3e0 7.0e-1 5.6967499e-1 5.6967499e-1
1.4e0 7.0e-1 5.5807999e-1 5.5807999e-1
1.5e0 7.0e-1 5.4741997e-1 5.4741997e-1
1.6e0 7.0e-1 5.3772499e-1 5.3772499e-1
1.7e0 7.0e-1 5.2886497e-1 5.2886497e-1
1.8e0 7.0e-1 5.20765e-1 5.20765e-1
1.9e0 7.0e-1 5.1336502e-1 5.1336502e-1
2.0e0 7.0e-1 5.0660995e-1 5.0660995e-1
2.1e0 7.0e-1 5.0041e-1 5.0041e-1
2.2e0 7.0e-1 4.9476501e-1 4.9476501e-1
2.3e0 7.0e-1 4.8961502e-1 4.8961502e-1
2.4e0 7.0e-1 4.8486e-1 4.8486e-1
2.5e0 7.0e-1 4.8056369e-1 4.8056369e-1
2.6e0 7.0e-1 4.7662067e-1 4.7662067e-1
2.7e0 7.0e-1 4.7301648e-1 4.7301648e-1
2.8e0 7.0e-1 4.6972327e-1 4.6972327e-1
2.9e0 7.0e-1 4.6671313e-1 4.6671313e-1
3.0e0 7.0e-1 4.6396217e-1 4.6396217e-1
3.1e0 7.0e-1 4.6144795e-1 4.6144795e-1
3.2e0 7.0e-1 4.5914966e-1 4.5914966e-1
3.3e0 7.0e-1 4.570497e-1 4.570497e-1
3.4e0 7.0e-1 4.5513046e-1 4.5513046e-1
3.5e0 7.0e-1 4.5337628e-1 4.5337628e-1
3.6e0 7.0e-1 4.5177315e-1 4.5177315e-1
3.7e0 7.0e-1 4.50308e-1 4.50308e-1
3.8e0 7.0e-1 4.4896887e-1 4.4896887e-1
3.9e0 7.0e-1 4.4774515e-1 4.4774515e-1
4.0e0 7.0e-1 4.4662643e-1 4.4662643e-1
4.1e0 7.0e-1 4.4560432e-1 4.4560432e-1
4.2e0 7.0e-1 4.4467009e-1 4.4467009e-1
4.3e0 7.0e-1 4.4381633e-1 4.4381633e-1
4.4e0 7.0e-1 4.4303593e-1 4.4303593e-1
4.5e0 7.0e-1 4.4232283e-1 4.4232283e-1
4.6e0 7.0e-1 4.41671e-1 4.41671e-1
4.7e0 7.0e-1 4.4107535e-1 4.4107535e-1
4.8e0 7.0e-1 4.4053082e-1 4.4053082e-1
4.9e0 7.0e-1 4.4003336e-1 4.4003336e-1
5.0e0 7.0e-1 4.3957867e-1 4.3957867e-1

0.0e0 8.0e-1 8.5229996e-1 8.5229996e-1
1.0e-1 8.0e-1 8.1563995e-1 8.1563995e-1
2.0e-1 8.0e-1 7.8208496e-1 7.8208496e-1
3.0e-1 8.0e-1 7.5147499e-1 7.5147499e-1
4.0e-1 8.0e-1 7.2347e-1 7.2347e-1
5.0e-1 8.0e-1 6.9786499e-1 6.9786499e-1
6.0e-1 8.0e-1 6.7450996e-1 6.7450996e-1
7.0e-1 8.0e-1 6.5309998e-1 6.5309998e-1
8.0e-1 8.0e-1 6.3359497e-1 6.3359497e-1
9.0e-1 8.0e-1 6.1569496e-1 6.1569496e-1
1.0e0 8.0e-1 5.9938995e-1 5.9938995e-1
1.1e0 8.0e-1 5.8448502e-1 5.8448502e-1
1.2e0 8.0e-1 5.7083496e-1 5.7083496e-1
1.3e0 8.0e-1 5.5837502e-1 5.5837502e-1
1.4e0 8.0e-1 5.4701996e-1 5.4701996e-1
1.5e0 8.0e-1 5.3662498e-1 5.3662498e-1
1.6e0 8.0e-1 5.2711494e-1 5.2711494e-1
1.7e0 8.0e-1 5.1841995e-1 5.1841995e-1
1.8e0 8.0e-1 5.1045998e-1 5.1045998e-1
1.9e0 8.0e-1 5.0321495e-1 5.0321495e-1
2.0e0 8.0e-1 4.9655998e-1 4.9655998e-1
2.1e0 8.0e-1 4.9050995e-1 4.9050995e-1
2.2e0 8.0e-1 4.8495499e-1 4.8495499e-1
2.3e0 8.0e-1 4.7990501e-1 4.7990501e-1
2.4e0 8.0e-1 4.7528548e-1 4.7528548e-1
2.5e0 8.0e-1 4.710566e-1 4.710566e-1
2.6e0 8.0e-1 4.6719131e-1 4.6719131e-1
2.7e0 8.0e-1 4.6365918e-1 4.6365918e-1
2.8e0 8.0e-1 4.6043086e-1 4.6043086e-1
2.9e0 8.0e-1 4.5747997e-1 4.5747997e-1
3.0e0 8.0e-1 4.5478346e-1 4.5478346e-1
3.1e0 8.0e-1 4.5231909e-1 4.5231909e-1
3.2e0 8.0e-1 4.5006685e-1 4.5006685e-1
3.3e0 8.0e-1 4.4800812e-1 4.4800812e-1
3.4e0 8.0e-1 4.4612689e-1 4.4612689e-1
3.5e0 8.0e-1 4.4440758e-1 4.4440758e-1
3.6e0 8.0e-1 4.4283621e-1 4.4283621e-1
3.7e0 8.0e-1 4.4139972e-1 4.4139972e-1
3.8e0 8.0e-1 4.4008723e-1 4.4008723e-1
3.9e0 8.0e-1 4.3888773e-1 4.3888773e-1
4.0e0 8.0e-1 4.3779141e-1 4.3779141e-1
4.1e0 8.0e-1 4.3678937e-1 4.3678937e-1
4.2e0 8.0e-1 4.3587366e-1 4.3587366e-1
4.3e0 8.0e-1 4.3503683e-1 4.3503683e-1
4.4e0 8.0e-1 4.34272e-1 4.34272e-1
4.5e0 8.0e-1 4.3357283e-1 4.3357283e-1
4.6e0 8.0e-1 4.3293385e-1 4.3293385e-1
4.7e0 8.0e-1 4.3235004e-1 4.3235004e-1
4.8e0 8.0e-1 4.3181644e-1 4.3181644e-1
4.9e0 8.0e-1 4.3132866e-1 4.3132866e-1
5.0e0 8.0e-1 4.3088306e-1 4.3088306e-1

0.0e0 9.0e-1 8.3550003e-1 8.3550003e-1
1.0e-1 9.0e-1 7.9954002e-1 7.9954002e-1
2.0e-1 9.0e-1 7.6662498e-1 7.6662498e-1
3.0e-1 9.0e-1 7.3662003e-1 7.3662003e-1
4.0e-1 9.0e-1 7.0917e-1 7.0917e-1
5.0e-1 9.0e-1 6.84105e-1 6.84105e-1
6.0e-1 9.0e-1 6.6116005e-1 6.6116005e-1
7.0e-1 9.0e-1 6.4020004e-1 6.4020004e-1
8.0e-1 9.0e-1 6.21045e-1 6.21045e-1
9.0e-1 9.0e-1 6.0354004e-1 6.0354004e-1
1.0e0 9.0e-1 5.8759003e-1 5.8759003e-1
1.1e0 9.0e-1 5.7293e-1 5.7293e-1
1.2e0 9.0e-1 5.5958e-1 5.5958e-1
1.3e0 9.0e-1 5.4737999e-1 5.4737999e-1
1.4e0 9.0e-1 5.3622505e-1 5.3622505e-1
1.5e0 9.0e-1 5.2602005e-1 5.2602005e-1
1.6e0 9.0e-1 5.1672005e-1 5.1672005e-1
1.7e0 9.0e-1 5.0816498e-1 5.0816498e-1
1.8e0 9.0e-1 5.0041504e-1 5.0041504e-1
1.9e0 9.0e-1 4.93265e-1 4.93265e-1
2.0e0 9.0e-1 4.8676498e-1 4.8676498e-1
2.1e0 9.0e-1 4.8081505e-1 4.8081505e-1
2.2e0 9.0e-1 4.7541504e-1 4.7541504e-1
2.3e0 9.0e-1 4.7046005e-1 4.7046005e-1
2.4e0 9.0e-1 4.6591292e-1 4.6591292e-1
2.5e0 9.0e-1 4.617677e-1 4.617677e-1
2.6e0 9.0e-1 4.5797855e-1 4.5797855e-1
2.7e0 9.0e-1 4.5451625e-1 4.5451625e-1
2.8e0 9.0e-1 4.5135182e-1 4.5135182e-1
2.9e0 9.0e-1 4.484599e-1 4.484599e-1
3.0e0 9.0e-1 4.4581654e-1 4.4581654e-1
3.1e0 9.0e-1 4.43401e-1 4.43401e-1
3.2e0 9.0e-1 4.4119325e-1 4.4119325e-1
3.3e0 9.0e-1 4.3917563e-1 4.3917563e-1
3.4e0 9.0e-1 4.3733124e-1 4.3733124e-1
3.5e0 9.0e-1 4.3564584e-1 4.3564584e-1
3.6e0 9.0e-1 4.3410558e-1 4.3410558e-1
3.7e0 9.0e-1 4.3269794e-1 4.3269794e-1
3.8e0 9.0e-1 4.3141135e-1 4.3141135e-1
3.9e0 9.0e-1 4.3023552e-1 4.3023552e-1
4.0e0 9.0e-1 4.2916104e-1 4.2916104e-1
4.1e0 9.0e-1 4.2817883e-1 4.2817883e-1
4.2e0 9.0e-1 4.2728107e-1 4.2728107e-1
4.3e0 9.0e-1 4.2646082e-1 4.2646082e-1
4.4e0 9.0e-1 4.2571104e-1 4.2571104e-1
4.5e0 9.0e-1 4.250259e-1 4.250259e-1
4.6e0 9.0e-1 4.2439963e-1 4.2439963e-1
4.7e0 9.0e-1 4.2382733e-1 4.2382733e-1
4.8e0 9.0e-1 4.2330429e-1 4.2330429e-1
4.9e0 9.0e-1 4.2282628e-1 4.2282628e-1
5.0e0 9.0e-1 4.2238945e-1 4.2238945e-1

0.0e0 1.0e0 8.189e-1 8.189e-1
1.0e-1 1.0e0 7.8363503e-1 7.8363503e-1
2.0e-1 1.0e0 7.5142998e-1 7.5142998e-1
3.0e-1 1.0e0 7.22025e-1 7.22025e-1
4.0e-1 1.0e0 6.9511497e-1 6.9511497e-1
5.0e-1 1.0e0 6.7051498e-1 6.7051498e-1
6.0e-1 1.0e0 6.4805e-1 6.4805e-1
7.0e-1 1.0e0 6.275e-1 6.275e-1
8.0e-1 1.0e0 6.0874496e-1 6.0874496e-1
9.0e-1 1.0e0 5.91585e-1 5.91585e-1
1.0e0 1.0e0 5.7588501e-1 5.7588501e-1
1.1e0 1.0e0 5.6157997e-1 5.6157997e-1
1.2e0 1.0e0 5.4848e-1 5.4848e-1
1.3e0 1.0e0 5.3652496e-1 5.3652496e-1
1.4e0 1.0e0 5.2557503e-1 5.2557503e-1
1.5e0 1.0e0 5.1557503e-1 5.1557503e-1
1.6e0 1.0e0 5.0641998e-1 5.0641998e-1
1.7e0 1.0e0 4.9806503e-1 4.9806503e-1
1.8e0 1.0e0 4.9046501e-1 4.9046501e-1
1.9e0 1.0e0 4.8346497e-1 4.8346497e-1
2.0e0 1.0e0 4.7711502e-1 4.7711502e-1
2.1e0 1.0e0 4.7126503e-1 4.7126503e-1
2.2e0 1.0e0 4.6596e-1 4.6596e-1
2.3e0 1.0e0 4.6111e-1 4.6111e-1
2.4e0 1.0e0 4.5665887e-1 4.5665887e-1
2.5e0 1.0e0 4.5259589e-1 4.5259589e-1
2.6e0 1.0e0 4.4888225e-1 4.4888225e-1
2.7e0 1.0e0 4.4548816e-1 4.4548816e-1
2.8e0 1.0e0 4.423866e-1 4.423866e-1
2.9e0 1.0e0 4.3955179e-1 4.3955179e-1
3.0e0 1.0e0 4.3696104e-1 4.3696104e-1
3.1e0 1.0e0 4.3459273e-1 4.3459273e-1
3.2e0 1.0e0 4.324289e-1 4.324289e-1
3.3e0 1.0e0 4.3045107e-1 4.3045107e-1
3.4e0 1.0e0 4.2864369e-1 4.2864369e-1
3.5e0 1.0e0 4.2699158e-1 4.2699158e-1
3.6e0 1.0e0 4.2548183e-1 4.2548183e-1
3.7e0 1.0e0 4.2410208e-1 4.2410208e-1
3.8e0 1.0e0 4.228409e-1 4.228409e-1
3.9e0 1.0e0 4.216882e-1 4.216882e-1
4.0e0 1.0e0 4.206349e-1 4.206349e-1
4.1e0 1.0e0 4.1967226e-1 4.1967226e-1
4.2e0 1.0e0 4.1879242e-1 4.1879242e-1
4.3e0 1.0e0 4.1798831e-1 4.1798831e-1
4.4e0 1.0e0 4.1725345e-1 4.1725345e-1
4.5e0 1.0e0 4.1658185e-1 4.1658185e-1
4.6e0 1.0e0 4.1596797e-1 4.1596797e-1
4.7e0 1.0e0 4.1540703e-1 4.1540703e-1
4.8e0 1.0e0 4.1489424e-1 4.1489424e-1
4.9e0 1.0e0 4.1442575e-1 4.1442575e-1
5.0e0 1.0e0 4.139975e-1 4.139975e-1

0.0e0 1.1e0 8.0268997e-1 8.0268997e-1
1.0e-1 1.1e0 7.6812996e-1 7.6812996e-1
2.0e-1 1.1e0 7.3657501e-1 7.3657501e-1
3.0e-1 1.1e0 7.0771996e-1 7.0771996e-1
4.0e-1 1.1e0 6.8136002e-1 6.8136002e-1
5.0e-1 1.1e0 6.5724998e-1 6.5724998e-1
6.0e-1 1.1e0 6.3519997e-1 6.3519997e-1
7.0e-1 1.1e0 6.1508995e-1 6.1508995e-1
8.0e-1 1.1e0 5.9668999e-1 5.9668999e-1
9.0e-1 1.1e0 5.7988998e-1 5.7988998e-1
1.0e0 1.1e0 5.6448502e-1 5.6448502e-1
1.1e0 1.1e0 5.50475e-1 5.50475e-1
1.2e0 1.1e0 5.3762001e-1 5.3762001e-1
1.3e0 1.1e0 5.2586998e-1 5.2586998e-1
1.4e0 1.1e0 5.1516998e-1 5.1516998e-1
1.5e0 1.1e0 5.0536499e-1 5.0536499e-1
1.6e0 1.1e0 4.9641502e-1 4.9641502e-1
1.7e0 1.1e0 4.8821495e-1 4.8821495e-1
1.8e0 1.1e0 4.8075996e-1 4.8075996e-1
1.9e0 1.1e0 4.7390999e-1 4.7390999e-1
2.0e0 1.1e0 4.6765999e-1 4.6765999e-1
2.1e0 1.1e0 4.6195496e-1 4.6195496e-1
2.2e0 1.1e0 4.5675499e-1 4.5675499e-1
2.3e0 1.1e0 4.5195e-1 4.5195e-1
2.4e0 1.1e0 4.4761893e-1 4.4761893e-1
2.5e0 1.1e0 4.4363634e-1 4.4363634e-1
2.6e0 1.1e0 4.3999652e-1 4.3999652e-1
2.7e0 1.1e0 4.3666989e-1 4.3666989e-1
2.8e0 1.1e0 4.3362894e-1 4.3362894e-1
2.9e0 1.1e0 4.3085039e-1 4.3085039e-1
3.0e0 1.1e0 4.2831087e-1 4.2831087e-1
3.1e0 1.1e0 4.2599017e-1 4.2599017e-1
3.2e0 1.1e0 4.2386884e-1 4.2386884e-1
3.3e0 1.1e0 4.2193024e-1 4.2193024e-1
3.4e0 1.1e0 4.2015855e-1 4.2015855e-1
3.5e0 1.1e0 4.1853944e-1 4.1853944e-1
3.6e0 1.1e0 4.1705923e-1 4.1705923e-1
3.7e0 1.1e0 4.1570676e-1 4.1570676e-1
3.8e0 1.1e0 4.1447061e-1 4.1447061e-1
3.9e0 1.1e0 4.1334102e-1 4.1334102e-1
4.0e0 1.1e0 4.1230843e-1 4.1230843e-1
4.1e0 1.1e0 4.1136482e-1 4.1136482e-1
4.2e0 1.1e0 4.105024e-1 4.105024e-1
4.3e0 1.1e0 4.0971428e-1 4.0971428e-1
4.4e0 1.1e0 4.0899397e-1 4.0899397e-1
4.5e0 1.1e0 4.0833551e-1 4.0833551e-1
4.6e0 1.1e0 4.0773387e-1 4.0773387e-1
4.7e0 1.1e0 4.07184e-1 4.07184e-1
4.8e0 1.1e0 4.0668146e-1 4.0668146e-1
4.9e0 1.1e0 4.062222e-1 4.062222e-1
5.0e0 1.1e0 4.0580246e-1 4.0580246e-1

0.0e0 1.2e0 7.8679001e-1 7.8679001e-1
1.0e-1 1.2e0 7.5293e-1 7.5293e-1
2.0e-1 1.2e0 7.2196999e-1 7.2196999e-1
3.0e-1 1.2e0 6.9371002e-1 6.9371002e-1
4.0e-1 1.2e0 6.67855e-1 6.67855e-1
5.0e-1 1.2e0 6.4420502e-1 6.4420502e-1
6.0e-1 1.2e0 6.2264503e-1 6.2264503e-1
7.0e-1 1.2e0 6.0289001e-1 6.0289001e-1
8.0e-1 1.2e0 5.8488503e-1 5.8488503e-1
9.0e-1 1.2e0 5.6838501e-1 5.6838501e-1
1.0e0 1.2e0 5.5333e-1 5.5333e-1
1.1e0 1.2e0 5.3957497e-1 5.3957497e-1
1.2e0 1.2e0 5.2696999e-1 5.2696999e-1
1.3e0 1.2e0 5.15475e-1 5.15475e-1
1.4e0 1.2e0 5.0496498e-1 5.0496498e-1
1.5e0 1.2e0 4.9537003e-1 4.9537003e-1
1.6e0 1.2e0 4.8656502e-1 4.8656502e-1
1.7e0 1.2e0 4.7856003e-1 4.7856003e-1
1.8e0 1.2e0 4.7120499e-1 4.7120499e-1
1.9e0 1.2e0 4.6451004e-1 4.6451004e-1
2.0e0 1.2e0 4.58405e-1 4.58405e-1
2.1e0 1.2e0 4.5280502e-1 4.5280502e-1
2.2e0 1.2e0 4.4769997e-1 4.4769997e-1
2.3e0 1.2e0 4.4302472e-1 4.4302472e-1
2.4e0 1.2e0 4.3875319e-1 4.3875319e-1
2.5e0 1.2e0 4.3484862e-1 4.3484862e-1
2.6e0 1.2e0 4.3128082e-1 4.3128082e-1
2.7e0 1.2e0 4.2802023e-1 4.2802023e-1
2.8e0 1.2e0 4.250402e-1 4.250402e-1
2.9e0 1.2e0 4.223163e-1 4.223163e-1
3.0e0 1.2e0 4.1982703e-1 4.1982703e-1
3.1e0 1.2e0 4.1755222e-1 4.1755222e-1
3.2e0 1.2e0 4.1547314e-1 4.1547314e-1
3.3e0 1.2e0 4.1357245e-1 4.1357245e-1
3.4e0 1.2e0 4.1183575e-1 4.1183575e-1
3.5e0 1.2e0 4.1024886e-1 4.1024886e-1
3.6e0 1.2e0 4.0879817e-1 4.0879817e-1
3.7e0 1.2e0 4.0747235e-1 4.0747235e-1
3.8e0 1.2e0 4.0626079e-1 4.0626079e-1
3.9e0 1.2e0 4.0515344e-1 4.0515344e-1
4.0e0 1.2e0 4.0414146e-1 4.0414146e-1
4.1e0 1.2e0 4.0321652e-1 4.0321652e-1
4.2e0 1.2e0 4.0237108e-1 4.0237108e-1
4.3e0 1.2e0 4.0159856e-1 4.0159856e-1
4.4e0 1.2e0 4.0089247e-1 4.0089247e-1
4.5e0 1.2e0 4.002472e-1 4.002472e-1
4.6e0 1.2e0 3.9965738e-1 3.9965738e-1
4.7e0 1.2e0 3.991184e-1 3.991184e-1
4.8e0 1.2e0 3.9862578e-1 3.9862578e-1
4.9e0 1.2e0 3.9817569e-1 3.9817569e-1
5.0e0 1.2e0 3.9776414e-1 3.9776414e-1

0.0e0 1.3e0 7.7117996e-1 7.7117996e-1
1.0e-1 1.3e0 7.3801994e-1 7.3801994e-1
2.0e-1 1.3e0 7.0766495e-1 7.0766495e-1
3.0e-1 1.3e0 6.7995499e-1 6.7995499e-1
4.0e-1 1.3e0 6.5459999e-1 6.5459999e-1
5.0e-1 1.3e0 6.31445e-1 6.31445e-1
6.0e-1 1.3e0 6.1029e-1 6.1029e-1
7.0e-1 1.3e0 5.9093498e-1 5.9093498e-1
8.0e-1 1.3e0 5.7327995e-1 5.7327995e-1
9.0e-1 1.3e0 5.5712997e-1 5.5712997e-1
1.0e0 1.3e0 5.4231995e-1 5.4231995e-1
1.1e0 1.3e0 5.2887001e-1 5.2887001e-1
1.2e0 1.3e0 5.1652e-1 5.1652e-1
1.3e0 1.3e0 5.0526497e-1 5.0526497e-1
1.4e0 1.3e0 4.9496498e-1 4.9496498e-1
1.5e0 1.3e0 4.8550995e-1 4.8550995e-1
1.6e0 1.3e0 4.7690498e-1 4.7690498e-1
1.7e0 1.3e0 4.6905495e-1 4.6905495e-1
1.8e0 1.3e0 4.6185501e-1 4.6185501e-1
1.9e0 1.3e0 4.5529999e-1 4.5529999e-1
2.0e0 1.3e0 4.4930496e-1 4.4930496e-1
2.1e0 1.3e0 4.4379997e-1 4.4379997e-1
2.2e0 1.3e0 4.3879501e-1 4.3879501e-1
2.3e0 1.3e0 4.3423637e-1 4.3423637e-1
2.4e0 1.3e0 4.300496e-1 4.300496e-1
2.5e0 1.3e0 4.2622308e-1 4.2622308e-1
2.6e0 1.3e0 4.2272559e-1 4.2272559e-1
2.7e0 1.3e0 4.195296e-1 4.195296e-1
2.8e0 1.3e0 4.1660849e-1 4.1660849e-1
2.9e0 1.3e0 4.1393866e-1 4.1393866e-1
3.0e0 1.3e0 4.1149849e-1 4.1149849e-1
3.1e0 1.3e0 4.0926857e-1 4.0926857e-1
3.2e0 1.3e0 4.0723074e-1 4.0723074e-1
3.3e0 1.3e0 4.0536803e-1 4.0536803e-1
3.4e0 1.3e0 4.0366579e-1 4.0366579e-1
3.5e0 1.3e0 4.0210999e-1 4.0210999e-1
3.6e0 1.3e0 4.0068811e-1 4.0068811e-1
3.7e0 1.3e0 3.9938872e-1 3.9938872e-1
3.8e0 1.3e0 3.9820116e-1 3.9820116e-1
3.9e0 1.3e0 3.971155e-1 3.971155e-1
4.0e0 1.3e0 3.9612354e-1 3.9612354e-1
4.1e0 1.3e0 3.9521698e-1 3.9521698e-1
4.2e0 1.3e0 3.9438838e-1 3.9438838e-1
4.3e0 1.3e0 3.9363101e-1 3.9363101e-1
4.4e0 1.3e0 3.9293904e-1 3.9293904e-1
4.5e0 1.3e0 3.923065e-1 3.923065e-1
4.6e0 1.3e0 3.9172841e-1 3.9172841e-1
4.7e0 1.3e0 3.9119998e-1 3.9119998e-1
4.8e0 1.3e0 3.9071718e-1 3.9071718e-1
4.9e0 1.3e0 3.9027599e-1 3.9027599e-1
5.0e0 1.3e0 3.8987268e-1 3.8987268e-1

0.0e0 1.4e0 7.5598007e-1 7.5598007e-1
1.0e-1 1.4e0 7.2342003e-1 7.2342003e-1
2.0e-1 1.4e0 6.9371002e-1 6.9371002e-1
3.0e-1 1.4e0 6.6650505e-1 6.6650505e-1
4.0e-1 1.4e0 6.4170006e-1 6.4170006e-1
5.0e-1 1.4e0 6.1899506e-1 6.1899506e-1
6.0e-1 1.4e0 5.9824005e-1 5.9824005e-1
7.0e-1 1.4e0 5.7928505e-1 5.7928505e-1
8.0e-1 1.4e0 5.6192505e-1 5.6192505e-1
9.0e-1 1.4e0 5.4612503e-1 5.4612503e-1
1.0e0 1.4e0 5.3162506e-1 5.3162506e-1
1.1e0 1.4e0 5.1841507e-1 5.1841507e-1
1.2e0 1.4e0 5.06315e-1 5.06315e-1
1.3e0 1.4e0 4.9526001e-1 4.9526001e-1
1.4e0 1.4e0 4.8516006e-1 4.8516006e-1
1.5e0 1.4e0 4.7596e-1 4.7596e-1
1.6e0 1.4e0 4.6750504e-1 4.6750504e-1
1.7e0 1.4e0 4.5981003e-1 4.5981003e-1
1.8e0 1.4e0 4.5275002e-1 4.5275002e-1
1.9e0 1.4e0 4.4635002e-1 4.4635002e-1
2.0e0 1.4e0 4.4045006e-1 4.4045006e-1
2.1e0 1.4e0 4.3505005e-1 4.3505005e-1
2.2e0 1.4e0 4.3015007e-1 4.3015007e-1
2.3e0 1.4e0 4.2567334e-1 4.2567334e-1
2.4e0 1.4e0 4.2156938e-1 4.2156938e-1
2.5e0 1.4e0 4.1781862e-1 4.1781862e-1
2.6e0 1.4e0 4.1439088e-1 4.1439088e-1
2.7e0 1.4e0 4.1125717e-1 4.1125717e-1
2.8e0 1.4e0 4.0839412e-1 4.0839412e-1
2.9e0 1.4e0 4.0577737e-1 4.0577737e-1
3.0e0 1.4e0 4.0338576e-1 4.0338576e-1
3.1e0 1.4e0 4.011998e-1 4.011998e-1
3.2e0 1.4e0 3.9920226e-1 3.9920226e-1
3.3e0 1.4e0 3.973766e-1 3.973766e-1
3.4e0 1.4e0 3.9570801e-1 3.9570801e-1
3.5e0 1.4e0 3.9418307e-1 3.9418307e-1
3.6e0 1.4e0 3.9278914e-1 3.9278914e-1
3.7e0 1.4e0 3.915154e-1 3.915154e-1
3.8e0 1.4e0 3.9035132e-1 3.9035132e-1
3.9e0 1.4e0 3.8928737e-1 3.8928737e-1
4.0e0 1.4e0 3.8831508e-1 3.8831508e-1
4.1e0 1.4e0 3.8742644e-1 3.8742644e-1
4.2e0 1.4e0 3.8661421e-1 3.8661421e-1
4.3e0 1.4e0 3.8587196e-1 3.8587196e-1
4.4e0 1.4e0 3.8519348e-1 3.8519348e-1
4.5e0 1.4e0 3.8457349e-1 3.8457349e-1
4.6e0 1.4e0 3.8400682e-1 3.8400682e-1
4.7e0 1.4e0 3.8348906e-1 3.8348906e-1
4.8e0 1.4e0 3.8301572e-1 3.8301572e-1
4.9e0 1.4e0 3.8258324e-1 3.8258324e-1
5.0e0 1.4e0 3.8218793e-1 3.8218793e-1

0.0e0 1.5e0 7.4097e-1 7.4097e-1
1.0e-1 1.5e0 7.0905998e-1 7.0905998e-1
2.0e-1 1.5e0 6.7995499e-1 6.7995499e-1
3.0e-1 1.5e0 6.5330002e-1 6.5330002e-1
4.0e-1 1.5e0 6.28945e-1 6.28945e-1
5.0e-1 1.5e0 6.0668999e-1 6.0668999e-1
6.0e-1 1.5e0 5.8638496e-1 5.8638496e-1
7.0e-1 1.5e0 5.6778e-1 5.6778e-1
8.0e-1 1.5e0 5.5083e-1 5.5083e-1
9.0e-1 1.5e0 5.3527e-1 5.3527e-1
1.0e0 1.5e0 5.2112e-1 5.2112e-1
1.1e0 1.5e0 5.0810997e-1 5.0810997e-1
1.2e0 1.5e0 4.9626503e-1 4.9626503e-1
1.3e0 1.5e0 4.8545998e-1 4.8545998e-1
1.4e0 1.5e0 4.7555504e-1 4.7555504e-1
1.5e0 1.5e0 4.6650002e-1 4.6650002e-1
1.6e0 1.5e0 4.58255e-1 4.58255e-1
1.7e0 1.5e0 4.507e-1 4.507e-1
1.8e0 1.5e0 4.4379501e-1 4.4379501e-1
1.9e0 1.5e0 4.3745003e-1 4.3745003e-1
2.0e0 1.5e0 4.3169502e-1 4.3169502e-1
2.1e0 1.5e0 4.26445e-1 4.26445e-1
2.2e0 1.5e0 4.21595e-1 4.21595e-1
2.3e0 1.5e0 4.1722446e-1 4.1722446e-1
2.4e0 1.5e0 4.1320111e-1 4.1320111e-1
2.5e0 1.5e0 4.0952458e-1 4.0952458e-1
2.6e0 1.5e0 4.0616455e-1 4.0616455e-1
2.7e0 1.5e0 4.0309393e-1 4.0309393e-1
2.8e0 1.5e0 4.002869e-1 4.002869e-1
2.9e0 1.5e0 3.9772215e-1 3.9772215e-1
3.0e0 1.5e0 3.95378e-1 3.95378e-1
3.1e0 1.5e0 3.9323549e-1 3.9323549e-1
3.2e0 1.5e0 3.9127725e-1 3.9127725e-1
3.3e0 1.5e0 3.8948743e-1 3.8948743e-1
3.4e0 1.5e0 3.8785204e-1 3.8785204e-1
3.5e0 1.5e0 3.8635725e-1 3.8635725e-1
3.6e0 1.5e0 3.8499123e-1 3.8499123e-1
3.7e0 1.5e0 3.8374252e-1 3.8374252e-1
3.8e0 1.5e0 3.8260162e-1 3.8260162e-1
3.9e0 1.5e0 3.8155869e-1 3.8155869e-1
4.0e0 1.5e0 3.8060565e-1 3.8060565e-1
4.1e0 1.5e0 3.7973444e-1 3.7973444e-1
4.2e0 1.5e0 3.7893837e-1 3.7893837e-1
4.3e0 1.5e0 3.7821078e-1 3.7821078e-1
4.4e0 1.5e0 3.7754582e-1 3.7754582e-1
4.5e0 1.5e0 3.7693811e-1 3.7693811e-1
4.6e0 1.5e0 3.7638274e-1 3.7638274e-1
4.7e0 1.5e0 3.7587512e-1 3.7587512e-1
4.8e0 1.5e0 3.754113e-1 3.754113e-1
4.9e0 1.5e0 3.7498721e-1 3.7498721e-1
5.0e0 1.5e0 3.7459972e-1 3.7459972e-1

0.0e0 1.6e0 7.2626999e-1 7.2626999e-1
1.0e-1 1.6e0 6.9501503e-1 6.9501503e-1
2.0e-1 1.6e0 6.66455e-1 6.66455e-1
3.0e-1 1.6e0 6.4034996e-1 6.4034996e-1
4.0e-1 1.6e0 6.1649002e-1 6.1649002e-1
5.0e-1 1.6e0 5.9468498e-1 5.9468498e-1
6.0e-1 1.6e0 5.7473e-1 5.7473e-1
7.0e-1 1.6e0 5.5652496e-1 5.5652496e-1
8.0e-1 1.6e0 5.3987999e-1 5.3987999e-1
9.0e-1 1.6e0 5.2467003e-1 5.2467003e-1
1.0e0 1.6e0 5.10765e-1 5.10765e-1
1.1e0 1.6e0 4.9806e-1 4.9806e-1
1.2e0 1.6e0 4.86465e-1 4.86465e-1
1.3e0 1.6e0 4.7580498e-1 4.7580498e-1
1.4e0 1.6e0 4.6611e-1 4.6611e-1
1.5e0 1.6e0 4.5724998e-1 4.5724998e-1
1.6e0 1.6e0 4.4915001e-1 4.4915001e-1
1.7e0 1.6e0 4.4175003e-1 4.4175003e-1
1.8e0 1.6e0 4.3499496e-1 4.3499496e-1
1.9e0 1.6e0 4.2879501e-1 4.2879501e-1
2.0e0 1.6e0 4.2315002e-1 4.2315002e-1
2.1e0 1.6e0 4.1800003e-1 4.1800003e-1
2.2e0 1.6e0 4.1324501e-1 4.1324501e-1
2.3e0 1.6e0 4.089487e-1 4.089487e-1
2.4e0 1.6e0 4.0500568e-1 4.0500568e-1
2.5e0 1.6e0 4.0140149e-1 4.0140149e-1
2.6e0 1.6e0 3.9810828e-1 3.9810828e-1
2.7e0 1.6e0 3.9509814e-1 3.9509814e-1
2.8e0 1.6e0 3.9234718e-1 3.9234718e-1
2.9e0 1.6e0 3.8983296e-1 3.8983296e-1
3.0e0 1.6e0 3.8753467e-1 3.8753467e-1
3.1e0 1.6e0 3.8543471e-1 3.8543471e-1
3.2e0 1.6e0 3.8351547e-1 3.8351547e-1
3.3e0 1.6e0 3.8176129e-1 3.8176129e-1
3.4e0 1.6e0 3.8015816e-1 3.8015816e-1
3.5e0 1.6e0 3.7869301e-1 3.7869301e-1
3.6e0 1.6e0 3.7735388e-1 3.7735388e-1
3.7e0 1.6e0 3.7613016e-1 3.7613016e-1
3.8e0 1.6e0 3.7501144e-1 3.7501144e-1
3.9e0 1.6e0 3.7398933e-1 3.7398933e-1
4.0e0 1.6e0 3.730551e-1 3.730551e-1
4.1e0 1.6e0 3.7220134e-1 3.7220134e-1
4.2e0 1.6e0 3.7142094e-1 3.7142094e-1
4.3e0 1.6e0 3.7070784e-1 3.7070784e-1
4.4e0 1.6e0 3.7005602e-1 3.7005602e-1
4.5e0 1.6e0 3.6946036e-1 3.6946036e-1
4.6e0 1.6e0 3.6891583e-1 3.6891583e-1
4.7e0 1.6e0 3.6841837e-1 3.6841837e-1
4.8e0 1.6e0 3.6796368e-1 3.6796368e-1
4.9e0 1.6e0 3.675481e-1 3.675481e-1
5.0e0 1.6e0 3.6716824e-1 3.6716824e-1

0.0e0 1.7e0 7.1186996e-1 7.1186996e-1
1.0e-1 1.7e0 6.8126e-1 6.8126e-1
2.0e-1 1.7e0 6.53255e-1 6.53255e-1
3.0e-1 1.7e0 6.2765e-1 6.2765e-1
4.0e-1 1.7e0 6.0429497e-1 6.0429497e-1
5.0e-1 1.7e0 5.8288498e-1 5.8288498e-1
6.0e-1 1.7e0 5.6337997e-1 5.6337997e-1
7.0e-1 1.7e0 5.4547997e-1 5.4547997e-1
8.0e-1 1.7e0 5.2917496e-1 5.2917496e-1
9.0e-1 1.7e0 5.1427002e-1 5.1427002e-1
1.0e0 1.7e0 5.0061996e-1 5.0061996e-1
1.1e0 1.7e0 4.8816002e-1 4.8816002e-1
1.2e0 1.7e0 4.7680496e-1 4.7680496e-1
1.3e0 1.7e0 4.6640999e-1 4.6640999e-1
1.4e0 1.7e0 4.5689995e-1 4.5689995e-1
1.5e0 1.7e0 4.4820496e-1 4.4820496e-1
1.6e0 1.7e0 4.4024498e-1 4.4024498e-1
1.7e0 1.7e0 4.3299995e-1 4.3299995e-1
1.8e0 1.7e0 4.2634499e-1 4.2634499e-1
1.9e0 1.7e0 4.2029495e-1 4.2029495e-1
2.0e0 1.7e0 4.1473999e-1 4.1473999e-1
2.1e0 1.7e0 4.0969002e-1 4.0969002e-1
2.2e0 1.7e0 4.0507048e-1 4.0507048e-1
2.3e0 1.7e0 4.008416e-1 4.008416e-1
2.4e0 1.7e0 3.9697632e-1 3.9697632e-1
2.5e0 1.7e0 3.9344418e-1 3.9344418e-1
2.6e0 1.7e0 3.9021587e-1 3.9021587e-1
2.7e0 1.7e0 3.8726497e-1 3.8726497e-1
2.8e0 1.7e0 3.8456847e-1 3.8456847e-1
2.9e0 1.7e0 3.821041e-1 3.821041e-1
3.0e0 1.7e0 3.7985185e-1 3.7985185e-1
3.1e0 1.7e0 3.7779312e-1 3.7779312e-1
3.2e0 1.7e0 3.759119e-1 3.759119e-1
3.3e0 1.7e0 3.7419258e-1 3.7419258e-1
3.4e0 1.7e0 3.7262122e-1 3.7262122e-1
3.5e0 1.7e0 3.7118472e-1 3.7118472e-1
3.6e0 1.7e0 3.6987224e-1 3.6987224e-1
3.7e0 1.7e0 3.6867273e-1 3.6867273e-1
3.8e0 1.7e0 3.6757642e-1 3.6757642e-1
3.9e0 1.7e0 3.6657437e-1 3.6657437e-1
4.0e0 1.7e0 3.6565866e-1 3.6565866e-1
4.1e0 1.7e0 3.6482184e-1 3.6482184e-1
4.2e0 1.7e0 3.64057e-1 3.64057e-1
4.3e0 1.7e0 3.6335783e-1 3.6335783e-1
4.4e0 1.7e0 3.6271886e-1 3.6271886e-1
4.5e0 1.7e0 3.6213504e-1 3.6213504e-1
4.6e0 1.7e0 3.6160144e-1 3.6160144e-1
4.7e0 1.7e0 3.6111366e-1 3.6111366e-1
4.8e0 1.7e0 3.6066806e-1 3.6066806e-1
4.9e0 1.7e0 3.6026071e-1 3.6026071e-1
5.0e0 1.7e0 3.598884e-1 3.598884e-1

0.0e0 1.8e0 6.9774994e-1 6.9774994e-1
1.0e-1 1.8e0 6.6774498e-1 6.6774498e-1
2.0e-1 1.8e0 6.4029495e-1 6.4029495e-1
3.0e-1 1.8e0 6.1522995e-1 6.1522995e-1
4.0e-1 1.8e0 5.92285e-1 5.92285e-1
5.0e-1 1.8e0 5.71325e-1 5.71325e-1
6.0e-1 1.8e0 5.5216995e-1 5.5216995e-1
7.0e-1 1.8e0 5.34665e-1 5.34665e-1
8.0e-1 1.8e0 5.1871498e-1 5.1871498e-1
9.0e-1 1.8e0 5.0405495e-1 5.0405495e-1
1.0e0 1.8e0 4.9070496e-1 4.9070496e-1
1.1e0 1.8e0 4.7850494e-1 4.7850494e-1
1.2e0 1.8e0 4.6735e-1 4.6735e-1
1.3e0 1.8e0 4.57145e-1 4.57145e-1
1.4e0 1.8e0 4.47845e-1 4.47845e-1
1.5e0 1.8e0 4.3928993e-1 4.3928993e-1
1.6e0 1.8e0 4.3154e-1 4.3154e-1
1.7e0 1.8e0 4.2438995e-1 4.2438995e-1
1.8e0 1.8e0 4.1788994e-1 4.1788994e-1
1.9e0 1.8e0 4.1194e-1 4.1194e-1
2.0e0 1.8e0 4.0654e-1 4.0654e-1
2.1e0 1.8e0 4.01585e-1 4.01585e-1
2.2e0 1.8e0 3.9703787e-1 3.9703787e-1
2.3e0 1.8e0 3.9289265e-1 3.9289265e-1
2.4e0 1.8e0 3.891035e-1 3.891035e-1
2.5e0 1.8e0 3.856412e-1 3.856412e-1
2.6e0 1.8e0 3.8247678e-1 3.8247678e-1
2.7e0 1.8e0 3.7958485e-1 3.7958485e-1
2.8e0 1.8e0 3.769415e-1 3.769415e-1
2.9e0 1.8e0 3.7452596e-1 3.7452596e-1
3.0e0 1.8e0 3.723182e-1 3.723182e-1
3.1e0 1.8e0 3.7030058e-1 3.7030058e-1
3.2e0 1.8e0 3.6845619e-1 3.6845619e-1
3.3e0 1.8e0 3.667708e-1 3.667708e-1
3.4e0 1.8e0 3.6523053e-1 3.6523053e-1
3.5e0 1.8e0 3.6382289e-1 3.6382289e-1
3.6e0 1.8e0 3.625363e-1 3.625363e-1
3.7e0 1.8e0 3.6136047e-1 3.6136047e-1
3.8e0 1.8e0 3.60286e-1 3.60286e-1
3.9e0 1.8e0 3.5930379e-1 3.5930379e-1
4.0e0 1.8e0 3.5840602e-1 3.5840602e-1
4.1e0 1.8e0 3.5758577e-1 3.5758577e-1
4.2e0 1.8e0 3.56836e-1 3.56836e-1
4.3e0 1.8e0 3.5615085e-1 3.5615085e-1
4.4e0 1.8e0 3.5552458e-1 3.5552458e-1
4.5e0 1.8e0 3.5495229e-1 3.5495229e-1
4.6e0 1.8e0 3.5442924e-1 3.5442924e-1
4.7e0 1.8e0 3.5395123e-1 3.5395123e-1
4.8e0 1.8e0 3.535144e-1 3.535144e-1
4.9e0 1.8e0 3.5311499e-1 3.5311499e-1
5.0e0 1.8e0 3.5275008e-1 3.5275008e-1

0.0e0 1.9e0 6.8395996e-1 6.8395996e-1
1.0e-1 1.9e0 6.5455498e-1 6.5455498e-1
2.0e-1 1.9e0 6.2764496e-1 6.2764496e-1
3.0e-1 1.9e0 6.0304497e-1 6.0304497e-1
4.0e-1 1.9e0 5.8057999e-1 5.8057999e-1
5.0e-1 1.9e0 5.6002998e-1 5.6002998e-1
6.0e-1 1.9e0 5.4127495e-1 5.4127495e-1
7.0e-1 1.9e0 5.2411499e-1 5.2411499e-1
8.0e-1 1.9e0 5.08415e-1 5.08415e-1
9.0e-1 1.9e0 4.9410995e-1 4.9410995e-1
1.0e0 1.9e0 4.8100998e-1 4.8100998e-1
1.1e0 1.9e0 4.6905495e-1 4.6905495e-1
1.2e0 1.9e0 4.5810501e-1 4.5810501e-1
1.3e0 1.9e0 4.4810501e-1 4.4810501e-1
1.4e0 1.9e0 4.3894997e-1 4.3894997e-1
1.5e0 1.9e0 4.3059502e-1 4.3059502e-1
1.6e0 1.9e0 4.22995e-1 4.22995e-1
1.7e0 1.9e0 4.1599495e-1 4.1599495e-1
1.8e0 1.9e0 4.09645e-1 4.09645e-1
1.9e0 1.9e0 4.0379501e-1 4.0379501e-1
2.0e0 1.9e0 3.9848999e-1 3.9848999e-1
2.1e0 1.9e0 3.9363998e-1 3.9363998e-1
2.2e0 1.9e0 3.8918886e-1 3.8918886e-1
2.3e0 1.9e0 3.8512587e-1 3.8512587e-1
2.4e0 1.9e0 3.8141223e-1 3.8141223e-1
2.5e0 1.9e0 3.7801814e-1 3.7801814e-1
2.6e0 1.9e0 3.7491658e-1 3.7491658e-1
2.7e0 1.9e0 3.7208177e-1 3.7208177e-1
2.8e0 1.9e0 3.6949103e-1 3.6949103e-1
2.9e0 1.9e0 3.6712271e-1 3.6712271e-1
3.0e0 1.9e0 3.6495888e-1 3.6495888e-1
3.1e0 1.9e0 3.6298105e-1 3.6298105e-1
3.2e0 1.9e0 3.6117368e-1 3.6117368e-1
3.3e0 1.9e0 3.5952156e-1 3.5952156e-1
3.4e0 1.9e0 3.5801181e-1 3.5801181e-1
3.5e0 1.9e0 3.5663206e-1 3.5663206e-1
3.6e0 1.9e0 3.5537088e-1 3.5537088e-1
3.7e0 1.9e0 3.5421819e-1 3.5421819e-1
3.8e0 1.9e0 3.5316489e-1 3.5316489e-1
3.9e0 1.9e0 3.5220224e-1 3.5220224e-1
4.0e0 1.9e0 3.513224e-1 3.513224e-1
4.1e0 1.9e0 3.505183e-1 3.505183e-1
4.2e0 1.9e0 3.4978343e-1 3.4978343e-1
4.3e0 1.9e0 3.4911183e-1 3.4911183e-1
4.4e0 1.9e0 3.4849796e-1 3.4849796e-1
4.5e0 1.9e0 3.4793701e-1 3.4793701e-1
4.6e0 1.9e0 3.4742422e-1 3.4742422e-1
4.7e0 1.9e0 3.4695573e-1 3.4695573e-1
4.8e0 1.9e0 3.4652748e-1 3.4652748e-1
4.9e0 1.9e0 3.4613612e-1 3.4613612e-1
5.0e0 1.9e0 3.4577835e-1 3.4577835e-1

0.0e0 2.0e0 6.7046005e-1 6.7046005e-1
1.0e-1 2.0e0 6.41605e-1 6.41605e-1
2.0e-1 2.0e0 6.1524506e-1 6.1524506e-1
3.0e-1 2.0e0 5.9113503e-1 5.9113503e-1
4.0e-1 2.0e0 5.69085e-1 5.69085e-1
5.0e-1 2.0e0 5.4897499e-1 5.4897499e-1
6.0e-1 2.0e0 5.3057503e-1 5.3057503e-1
7.0e-1 2.0e0 5.1377502e-1 5.1377502e-1
8.0e-1 2.0e0 4.9837006e-1 4.9837006e-1
9.0e-1 2.0e0 4.8436005e-1 4.8436005e-1
1.0e0 2.0e0 4.7150505e-1 4.7150505e-1
1.1e0 2.0e0 4.5975502e-1 4.5975502e-1
1.2e0 2.0e0 4.4905502e-1 4.4905502e-1
1.3e0 2.0e0 4.3925003e-1 4.3925003e-1
1.4e0 2.0e0 4.3030006e-1 4.3030006e-1
1.5e0 2.0e0 4.2209999e-1 4.2209999e-1
1.6e0 2.0e0 4.14645e-1 4.14645e-1
1.7e0 2.0e0 4.0779503e-1 4.0779503e-1
1.8e0 2.0e0 4.0154503e-1 4.0154503e-1
1.9e0 2.0e0 3.9584e-1 3.9584e-1
2.0e0 2.0e0 3.9064003e-1 3.9064003e-1
2.1e0 2.0e0 3.8583504e-1 3.8583504e-1
2.2e0 2.0e0 3.8150397e-1 3.8150397e-1
2.3e0 2.0e0 3.7752138e-1 3.7752138e-1
2.4e0 2.0e0 3.7388156e-1 3.7388156e-1
2.5e0 2.0e0 3.7055493e-1 3.7055493e-1
2.6e0 2.0e0 3.6751398e-1 3.6751398e-1
2.7e0 2.0e0 3.6473543e-1 3.6473543e-1
2.8e0 2.0e0 3.621959e-1 3.621959e-1
2.9e0 2.0e0 3.5987521e-1 3.5987521e-1
3.0e0 2.0e0 3.5775388e-1 3.5775388e-1
3.1e0 2.0e0 3.5581528e-1 3.5581528e-1
3.2e0 2.0e0 3.540436e-1 3.540436e-1
3.3e0 2.0e0 3.5242448e-1 3.5242448e-1
3.4e0 2.0e0 3.5094427e-1 3.5094427e-1
3.5e0 2.0e0 3.495918e-1 3.495918e-1
3.6e0 2.0e0 3.4835565e-1 3.4835565e-1
3.7e0 2.0e0 3.4722606e-1 3.4722606e-1
3.8e0 2.0e0 3.4619347e-1 3.4619347e-1
3.9e0 2.0e0 3.4524986e-1 3.4524986e-1
4.0e0 2.0e0 3.4438744e-1 3.4438744e-1
4.1e0 2.0e0 3.4359932e-1 3.4359932e-1
4.2e0 2.0e0 3.4287901e-1 3.4287901e-1
4.3e0 2.0e0 3.4222055e-1 3.4222055e-1
4.4e0 2.0e0 3.4161891e-1 3.4161891e-1
4.5e0 2.0e0 3.4106905e-1 3.4106905e-1
4.6e0 2.0e0 3.405665e-1 3.405665e-1
4.7e0 2.0e0 3.4010724e-1 3.4010724e-1
4.8e0 2.0e0 3.396875e-1 3.396875e-1
4.9e0 2.0e0 3.3930385e-1 3.3930385e-1
5.0e0 2.0e0 3.3895323e-1 3.3895323e-1

0.0e0 2.1e0 6.5714996e-1 6.5714996e-1
1.0e-1 2.1e0 6.2889e-1 6.2889e-1
2.0e-1 2.1e0 6.0303497e-1 6.0303497e-1
3.0e-1 2.1e0 5.79385e-1 5.79385e-1
4.0e-1 2.1e0 5.5782501e-1 5.5782501e-1
5.0e-1 2.1e0 5.3806999e-1 5.3806999e-1
6.0e-1 2.1e0 5.20065e-1 5.20065e-1
7.0e-1 2.1e0 5.0356499e-1 5.0356499e-1
8.0e-1 2.1e0 4.8850998e-1 4.8850998e-1
9.0e-1 2.1e0 4.7475494e-1 4.7475494e-1
1.0e0 2.1e0 4.6214996e-1 4.6214996e-1
1.1e0 2.1e0 4.5065498e-1 4.5065498e-1
1.2e0 2.1e0 4.4014496e-1 4.4014496e-1
1.3e0 2.1e0 4.3055e-1 4.3055e-1
1.4e0 2.1e0 4.21745e-1 4.21745e-1
1.5e0 2.1e0 4.1374e-1 4.1374e-1
1.6e0 2.1e0 4.0638496e-1 4.0638496e-1
1.7e0 2.1e0 3.9969002e-1 3.9969002e-1
1.8e0 2.1e0 3.9358498e-1 3.9358498e-1
1.9e0 2.1e0 3.87985e-1 3.87985e-1
2.0e0 2.1e0 3.8287994e-1 3.8287994e-1
2.1e0 2.1e0 3.782047e-1 3.782047e-1
2.2e0 2.1e0 3.7393317e-1 3.7393317e-1
2.3e0 2.1e0 3.700286e-1 3.700286e-1
2.4e0 2.1e0 3.664608e-1 3.664608e-1
2.5e0 2.1e0 3.6320021e-1 3.6320021e-1
2.6e0 2.1e0 3.6022018e-1 3.6022018e-1
2.7e0 2.1e0 3.5749628e-1 3.5749628e-1
2.8e0 2.1e0 3.55007e-1 3.55007e-1
2.9e0 2.1e0 3.527322e-1 3.527322e-1
3.0e0 2.1e0 3.5065312e-1 3.5065312e-1
3.1e0 2.1e0 3.4875243e-1 3.4875243e-1
3.2e0 2.1e0 3.4701573e-1 3.4701573e-1
3.3e0 2.1e0 3.4542883e-1 3.4542883e-1
3.4e0 2.1e0 3.4397815e-1 3.4397815e-1
3.5e0 2.1e0 3.4265233e-1 3.4265233e-1
3.6e0 2.1e0 3.4144077e-1 3.4144077e-1
3.7e0 2.1e0 3.4033342e-1 3.4033342e-1
3.8e0 2.1e0 3.3932144e-1 3.3932144e-1
3.9e0 2.1e0 3.383965e-1 3.383965e-1
4.0e0 2.1e0 3.3755106e-1 3.3755106e-1
4.1e0 2.1e0 3.3677853e-1 3.3677853e-1
4.2e0 2.1e0 3.3607245e-1 3.3607245e-1
4.3e0 2.1e0 3.3542717e-1 3.3542717e-1
4.4e0 2.1e0 3.3483736e-1 3.3483736e-1
4.5e0 2.1e0 3.3429837e-1 3.3429837e-1
4.6e0 2.1e0 3.3380576e-1 3.3380576e-1
4.7e0 2.1e0 3.3335567e-1 3.3335567e-1
4.8e0 2.1e0 3.3294412e-1 3.3294412e-1
4.9e0 2.1e0 3.325681e-1 3.325681e-1
5.0e0 2.1e0 3.3222443e-1 3.3222443e-1

0.0e0 2.2e0 6.4414993e-1 6.4414993e-1
1.0e-1 2.2e0 6.1643997e-1 6.1643997e-1
2.0e-1 2.2e0 5.9108498e-1 5.9108498e-1
3.0e-1 2.2e0 5.6793e-1 5.6793e-1
4.0e-1 2.2e0 5.4677498e-1 5.4677498e-1
5.0e-1 2.2e0 5.2741997e-1 5.2741997e-1
6.0e-1 2.2e0 5.0976494e-1 5.0976494e-1
7.0e-1 2.2e0 4.9361496e-1 4.9361496e-1
8.0e-1 2.2e0 4.7880493e-1 4.7880493e-1
9.0e-1 2.2e0 4.65355e-1 4.65355e-1
1.0e0 2.2e0 4.5300499e-1 4.5300499e-1
1.1e0 2.2e0 4.4174995e-1 4.4174995e-1
1.2e0 2.2e0 4.3144997e-1 4.3144997e-1
1.3e0 2.2e0 4.2199493e-1 4.2199493e-1
1.4e0 2.2e0 4.1338997e-1 4.1338997e-1
1.5e0 2.2e0 4.0553993e-1 4.0553993e-1
1.6e0 2.2e0 3.9834e-1 3.9834e-1
1.7e0 2.2e0 3.9178497e-1 3.9178497e-1
1.8e0 2.2e0 3.8578995e-1 3.8578995e-1
1.9e0 2.2e0 3.8028496e-1 3.8028496e-1
2.0e0 2.2e0 3.7528e-1 3.7528e-1
2.1e0 2.2e0 3.7072136e-1 3.7072136e-1
2.2e0 2.2e0 3.6653459e-1 3.6653459e-1
2.3e0 2.2e0 3.6270807e-1 3.6270807e-1
2.4e0 2.2e0 3.5921057e-1 3.5921057e-1
2.5e0 2.2e0 3.5601459e-1 3.5601459e-1
2.6e0 2.2e0 3.5309348e-1 3.5309348e-1
2.7e0 2.2e0 3.5042365e-1 3.5042365e-1
2.8e0 2.2e0 3.4798347e-1 3.4798347e-1
2.9e0 2.2e0 3.4575356e-1 3.4575356e-1
3.0e0 2.2e0 3.4371573e-1 3.4371573e-1
3.1e0 2.2e0 3.4185301e-1 3.4185301e-1
3.2e0 2.2e0 3.4015077e-1 3.4015077e-1
3.3e0 2.2e0 3.3859497e-1 3.3859497e-1
3.4e0 2.2e0 3.371731e-1 3.371731e-1
3.5e0 2.2e0 3.358737e-1 3.358737e-1
3.6e0 2.2e0 3.3468614e-1 3.3468614e-1
3.7e0 2.2e0 3.3360048e-1 3.3360048e-1
3.8e0 2.2e0 3.3260852e-1 3.3260852e-1
3.9e0 2.2e0 3.3170197e-1 3.3170197e-1
4.0e0 2.2e0 3.3087337e-1 3.3087337e-1
4.1e0 2.2e0 3.30116e-1 3.30116e-1
4.2e0 2.2e0 3.2942403e-1 3.2942403e-1
4.3e0 2.2e0 3.2879149e-1 3.2879149e-1
4.4e0 2.2e0 3.282134e-1 3.282134e-1
4.5e0 2.2e0 3.2768497e-1 3.2768497e-1
4.6e0 2.2e0 3.2720216e-1 3.2720216e-1
4.7e0 2.2e0 3.2676097e-1 3.2676097e-1
4.8e0 2.2e0 3.2635767e-1 3.2635767e-1
4.9e0 2.2e0 3.25989e-1 3.25989e-1
5.0e0 2.2e0 3.2565215e-1 3.2565215e-1

0.0e0 2.3e0 6.3143997e-1 6.3143997e-1
1.0e-1 2.3e0 6.04235e-1 6.04235e-1
2.0e-1 2.3e0 5.7943001e-1 5.7943001e-1
3.0e-1 2.3e0 5.56725e-1 5.56725e-1
4.0e-1 2.3e0 5.3597e-1 5.3597e-1
5.0e-1 2.3e0 5.17015e-1 5.17015e-1
6.0e-1 2.3e0 4.99655e-1 4.99655e-1
7.0e-1 2.3e0 4.8385498e-1 4.8385498e-1
8.0e-1 2.3e0 4.6935501e-1 4.6935501e-1
9.0e-1 2.3e0 4.5614502e-1 4.5614502e-1
1.0e0 2.3e0 4.4404495e-1 4.4404495e-1
1.1e0 2.3e0 4.3298996e-1 4.3298996e-1
1.2e0 2.3e0 4.2289001e-1 4.2289001e-1
1.3e0 2.3e0 4.1368996e-1 4.1368996e-1
1.4e0 2.3e0 4.0523499e-1 4.0523499e-1
1.5e0 2.3e0 3.9753998e-1 3.9753998e-1
1.6e0 2.3e0 3.9047997e-1 3.9047997e-1
1.7e0 2.3e0 3.8407997e-1 3.8407997e-1
1.8e0 2.3e0 3.7818001e-1 3.7818001e-1
1.9e0 2.3e0 3.7278e-1 3.7278e-1
2.0e0 2.3e0 3.6788002e-1 3.6788002e-1
2.1e0 2.3e0 3.6340329e-1 3.6340329e-1
2.2e0 2.3e0 3.5929933e-1 3.5929933e-1
2.3e0 2.3e0 3.5554857e-1 3.5554857e-1
2.4e0 2.3e0 3.5212083e-1 3.5212083e-1
2.5e0 2.3e0 3.4898712e-1 3.4898712e-1
2.6e0 2.3e0 3.4612407e-1 3.4612407e-1
2.7e0 2.3e0 3.4350732e-1 3.4350732e-1
2.8e0 2.3e0 3.411157e-1 3.411157e-1
2.9e0 2.3e0 3.3892975e-1 3.3892975e-1
3.0e0 2.3e0 3.369322e-1 3.369322e-1
3.1e0 2.3e0 3.3510655e-1 3.3510655e-1
3.2e0 2.3e0 3.3343796e-1 3.3343796e-1
3.3e0 2.3e0 3.3191302e-1 3.3191302e-1
3.4e0 2.3e0 3.3051909e-1 3.3051909e-1
3.5e0 2.3e0 3.2924535e-1 3.2924535e-1
3.6e0 2.3e0 3.2808127e-1 3.2808127e-1
3.7e0 2.3e0 3.2701732e-1 3.2701732e-1
3.8e0 2.3e0 3.2604503e-1 3.2604503e-1
3.9e0 2.3e0 3.2515639e-1 3.2515639e-1
4.0e0 2.3e0 3.2434416e-1 3.2434416e-1
4.1e0 2.3e0 3.2360191e-1 3.2360191e-1
4.2e0 2.3e0 3.2292343e-1 3.2292343e-1
4.3e0 2.3e0 3.2230344e-1 3.2230344e-1
4.4e0 2.3e0 3.2173677e-1 3.2173677e-1
4.5e0 2.3e0 3.2121901e-1 3.2121901e-1
4.6e0 2.3e0 3.2074567e-1 3.2074567e-1
4.7e0 2.3e0 3.2031319e-1 3.2031319e-1
4.8e0 2.3e0 3.1991788e-1 3.1991788e-1
4.9e0 2.3e0 3.1955658e-1 3.1955658e-1
5.0e0 2.3e0 3.192263e-1 3.192263e-1

0.0e0 2.4e0 6.1893997e-1 6.1893997e-1
1.0e-1 2.4e0 5.92285e-1 5.92285e-1
2.0e-1 2.4e0 5.6793e-1 5.6793e-1
3.0e-1 2.4e0 5.4567497e-1 5.4567497e-1
4.0e-1 2.4e0 5.2536995e-1 5.2536995e-1
5.0e-1 2.4e0 5.0676498e-1 5.0676498e-1
6.0e-1 2.4e0 4.8981499e-1 4.8981499e-1
7.0e-1 2.4e0 4.7425499e-1 4.7425499e-1
8.0e-1 2.4e0 4.6010498e-1 4.6010498e-1
9.0e-1 2.4e0 4.4709496e-1 4.4709496e-1
1.0e0 2.4e0 4.3525002e-1 4.3525002e-1
1.1e0 2.4e0 4.2444496e-1 4.2444496e-1
1.2e0 2.4e0 4.1454002e-1 4.1454002e-1
1.3e0 2.4e0 4.05485e-1 4.05485e-1
1.4e0 2.4e0 3.9723999e-1 3.9723999e-1
1.5e0 2.4e0 3.8968498e-1 3.8968498e-1
1.6e0 2.4e0 3.8278e-1 3.8278e-1
1.7e0 2.4e0 3.7643501e-1 3.7643501e-1
1.8e0 2.4e0 3.7068001e-1 3.7068001e-1
1.9e0 2.4e0 3.6543e-1 3.6543e-1
2.0e0 2.4e0 3.6057999e-1 3.6057999e-1
2.1e0 2.4e0 3.5620944e-1 3.5620944e-1
2.2e0 2.4e0 3.521861e-1 3.521861e-1
2.3e0 2.4e0 3.4850957e-1 3.4850957e-1
2.4e0 2.4e0 3.4514954e-1 3.4514954e-1
2.5e0 2.4e0 3.4207892e-1 3.4207892e-1
2.6e0 2.4e0 3.3927188e-1 3.3927188e-1
2.7e0 2.4e0 3.3670714e-1 3.3670714e-1
2.8e0 2.4e0 3.3436299e-1 3.3436299e-1
2.9e0 2.4e0 3.3222047e-1 3.3222047e-1
3.0e0 2.4e0 3.3026224e-1 3.3026224e-1
3.1e0 2.4e0 3.2847241e-1 3.2847241e-1
3.2e0 2.4e0 3.2683702e-1 3.2683702e-1
3.3e0 2.4e0 3.2534224e-1 3.2534224e-1
3.4e0 2.4e0 3.2397621e-1 3.2397621e-1
3.5e0 2.4e0 3.2272751e-1 3.2272751e-1
3.6e0 2.4e0 3.2158661e-1 3.2158661e-1
3.7e0 2.4e0 3.2054367e-1 3.2054367e-1
3.8e0 2.4e0 3.1959064e-1 3.1959064e-1
3.9e0 2.4e0 3.1871942e-1 3.1871942e-1
4.0e0 2.4e0 3.1792336e-1 3.1792336e-1
4.1e0 2.4e0 3.1719577e-1 3.1719577e-1
4.2e0 2.4e0 3.165308e-1 3.165308e-1
4.3e0 2.4e0 3.159231e-1 3.159231e-1
4.4e0 2.4e0 3.1536772e-1 3.1536772e-1
4.5e0 2.4e0 3.148601e-1 3.148601e-1
4.6e0 2.4e0 3.1439629e-1 3.1439629e-1
4.7e0 2.4e0 3.139722e-1 3.139722e-1
4.8e0 2.4e0 3.135847e-1 3.135847e-1
4.9e0 2.4e0 3.1323058e-1 3.1323058e-1
5.0e0 2.4e0 3.1290692e-1 3.1290692e-1

0.0e0 2.5e0 6.0664001e-1 6.0664001e-1
1.0e-1 2.5e0 5.8053497e-1 5.8053497e-1
2.0e-1 2.5e0 5.5667503e-1 5.5667503e-1
3.0e-1 2.5e0 5.3487e-1 5.3487e-1
4.0e-1 2.5e0 5.1491501e-1 5.1491501e-1
5.0e-1 2.5e0 4.9670998e-1 4.9670998e-1
6.0e-1 2.5e0 4.80065e-1 4.80065e-1
7.0e-1 2.5e0 4.6485504e-1 4.6485504e-1
8.0e-1 2.5e0 4.5095001e-1 4.5095001e-1
9.0e-1 2.5e0 4.3824501e-1 4.3824501e-1
1.0e0 2.5e0 4.2665001e-1 4.2665001e-1
1.1e0 2.5e0 4.1598999e-1 4.1598999e-1
1.2e0 2.5e0 4.0629501e-1 4.0629501e-1
1.3e0 2.5e0 3.97435e-1 3.97435e-1
1.4e0 2.5e0 3.8933502e-1 3.8933502e-1
1.5e0 2.5e0 3.8193504e-1 3.8193504e-1
1.6e0 2.5e0 3.7517998e-1 3.7517998e-1
1.7e0 2.5e0 3.6898003e-1 3.6898003e-1
1.8e0 2.5e0 3.6333504e-1 3.6333504e-1
1.9e0 2.5e0 3.5818504e-1 3.5818504e-1
2.0e0 2.5e0 3.5343002e-1 3.5343002e-1
2.1e0 2.5e0 3.4913371e-1 3.4913371e-1
2.2e0 2.5e0 3.4519069e-1 3.4519069e-1
2.3e0 2.5e0 3.415865e-1 3.415865e-1
2.4e0 2.5e0 3.3829329e-1 3.3829329e-1
2.5e0 2.5e0 3.3528316e-1 3.3528316e-1
2.6e0 2.5e0 3.325322e-1 3.325322e-1
2.7e0 2.5e0 3.3001797e-1 3.3001797e-1
2.8e0 2.5e0 3.2771968e-1 3.2771968e-1
2.9e0 2.5e0 3.2561972e-1 3.2561972e-1
3.0e0 2.5e0 3.2370049e-1 3.2370049e-1
3.1e0 2.5e0 3.219463e-1 3.219463e-1
3.2e0 2.5e0 3.2034317e-1 3.2034317e-1
3.3e0 2.5e0 3.1887802e-1 3.1887802e-1
3.4e0 2.5e0 3.175389e-1 3.175389e-1
3.5e0 2.5e0 3.1631517e-1 3.1631517e-1
3.6e0 2.5e0 3.1519646e-1 3.1519646e-1
3.7e0 2.5e0 3.1417435e-1 3.1417435e-1
3.8e0 2.5e0 3.1324011e-1 3.1324011e-1
3.9e0 2.5e0 3.1238635e-1 3.1238635e-1
4.0e0 2.5e0 3.1160596e-1 3.1160596e-1
4.1e0 2.5e0 3.1089285e-1 3.1089285e-1
4.2e0 2.5e0 3.1024103e-1 3.1024103e-1
4.3e0 2.5e0 3.0964537e-1 3.0964537e-1
4.4e0 2.5e0 3.0910085e-1 3.0910085e-1
4.5e0 2.5e0 3.0860338e-1 3.0860338e-1
4.6e0 2.5e0 3.081487e-1 3.081487e-1
4.7e0 2.5e0 3.0773311e-1 3.0773311e-1
4.8e0 2.5e0 3.0735326e-1 3.0735326e-1
4.9e0 2.5e0 3.0700612e-1 3.0700612e-1
5.0e0 2.5e0 3.0668889e-1 3.0668889e-1

0.0e0 2.6e0 5.9464005e-1 5.9464005e-1
1.0e-1 2.6e0 5.6903503e-1 5.6903503e-1
2.0e-1 2.6e0 5.4568001e-1 5.4568001e-1
3.0e-1 2.6e0 5.2427002e-1 5.2427002e-1
4.0e-1 2.6e0 5.0476501e-1 5.0476501e-1
5.0e-1 2.6e0 4.86865e-1 4.86865e-1
6.0e-1 2.6e0 4.7056e-1 4.7056e-1
7.0e-1 2.6e0 4.5565506e-1 4.5565506e-1
8.0e-1 2.6e0 4.42005e-1 4.42005e-1
9.0e-1 2.6e0 4.2954506e-1 4.2954506e-1
1.0e0 2.6e0 4.1819e-1 4.1819e-1
1.1e0 2.6e0 4.0779503e-1 4.0779503e-1
1.2e0 2.6e0 3.9828499e-1 3.9828499e-1
1.3e0 2.6e0 3.8959e-1 3.8959e-1
1.4e0 2.6e0 3.8163002e-1 3.8163002e-1
1.5e0 2.6e0 3.74385e-1 3.74385e-1
1.6e0 2.6e0 3.6773003e-1 3.6773003e-1
1.7e0 2.6e0 3.6168e-1 3.6168e-1
1.8e0 2.6e0 3.5612503e-1 3.5612503e-1
1.9e0 2.6e0 3.5107506e-1 3.5107506e-1
2.0e0 2.6e0 3.4645552e-1 3.4645552e-1
2.1e0 2.6e0 3.4222664e-1 3.4222664e-1
2.2e0 2.6e0 3.3836136e-1 3.3836136e-1
2.3e0 2.6e0 3.3482922e-1 3.3482922e-1
2.4e0 2.6e0 3.316009e-1 3.316009e-1
2.5e0 2.6e0 3.2865001e-1 3.2865001e-1
2.6e0 2.6e0 3.259535e-1 3.259535e-1
2.7e0 2.6e0 3.2348914e-1 3.2348914e-1
2.8e0 2.6e0 3.212369e-1 3.212369e-1
2.9e0 2.6e0 3.1917816e-1 3.1917816e-1
3.0e0 2.6e0 3.1729694e-1 3.1729694e-1
3.1e0 2.6e0 3.1557762e-1 3.1557762e-1
3.2e0 2.6e0 3.1400626e-1 3.1400626e-1
3.3e0 2.6e0 3.1256976e-1 3.1256976e-1
3.4e0 2.6e0 3.1125728e-1 3.1125728e-1
3.5e0 2.6e0 3.1005777e-1 3.1005777e-1
3.6e0 2.6e0 3.0896146e-1 3.0896146e-1
3.7e0 2.6e0 3.0795941e-1 3.0795941e-1
3.8e0 2.6e0 3.070437e-1 3.070437e-1
3.9e0 2.6e0 3.0620688e-1 3.0620688e-1
4.0e0 2.6e0 3.0544205e-1 3.0544205e-1
4.1e0 2.6e0 3.0474287e-1 3.0474287e-1
4.2e0 2.6e0 3.041039e-1 3.041039e-1
4.3e0 2.6e0 3.0352008e-1 3.0352008e-1
4.4e0 2.6e0 3.0298648e-1 3.0298648e-1
4.5e0 2.6e0 3.024987e-1 3.024987e-1
4.6e0 2.6e0 3.020531e-1 3.020531e-1
4.7e0 2.6e0 3.0164575e-1 3.0164575e-1
4.8e0 2.6e0 3.0127344e-1 3.0127344e-1
4.9e0 2.6e0 3.009332e-1 3.009332e-1
5.0e0 2.6e0 3.0062218e-1 3.0062218e-1

0.0e0 2.7e0 5.8283997e-1 5.8283997e-1
1.0e-1 2.7e0 5.5777496e-1 5.5777496e-1
2.0e-1 2.7e0 5.3483002e-1 5.3483002e-1
3.0e-1 2.7e0 5.1387001e-1 5.1387001e-1
4.0e-1 2.7e0 4.9471497e-1 4.9471497e-1
5.0e-1 2.7e0 4.7721e-1 4.7721e-1
6.0e-1 2.7e0 4.6126e-1 4.6126e-1
7.0e-1 2.7e0 4.4659996e-1 4.4659996e-1
8.0e-1 2.7e0 4.3324997e-1 4.3324997e-1
9.0e-1 2.7e0 4.2104996e-1 4.2104996e-1
1.0e0 2.7e0 4.0989502e-1 4.0989502e-1
1.1e0 2.7e0 3.9969002e-1 3.9969002e-1
1.2e0 2.7e0 3.9039001e-1 3.9039001e-1
1.3e0 2.7e0 3.8183495e-1 3.8183495e-1
1.4e0 2.7e0 3.74085e-1 3.74085e-1
1.5e0 2.7e0 3.6693497e-1 3.6693497e-1
1.6e0 2.7e0 3.6043495e-1 3.6043495e-1
1.7e0 2.7e0 3.5448502e-1 3.5448502e-1
1.8e0 2.7e0 3.49085e-1 3.49085e-1
1.9e0 2.7e0 3.4413002e-1 3.4413002e-1
2.0e0 2.7e0 3.3958289e-1 3.3958289e-1
2.1e0 2.7e0 3.3543767e-1 3.3543767e-1
2.2e0 2.7e0 3.3164851e-1 3.3164851e-1
2.3e0 2.7e0 3.2818622e-1 3.2818622e-1
2.4e0 2.7e0 3.2502179e-1 3.2502179e-1
2.5e0 2.7e0 3.2212987e-1 3.2212987e-1
2.6e0 2.7e0 3.1948651e-1 3.1948651e-1
2.7e0 2.7e0 3.1707097e-1 3.1707097e-1
2.8e0 2.7e0 3.1486322e-1 3.1486322e-1
2.9e0 2.7e0 3.128456e-1 3.128456e-1
3.0e0 2.7e0 3.110012e-1 3.110012e-1
3.1e0 2.7e0 3.0931581e-1 3.0931581e-1
3.2e0 2.7e0 3.0777554e-1 3.0777554e-1
3.3e0 2.7e0 3.063679e-1 3.063679e-1
3.4e0 2.7e0 3.0508131e-1 3.0508131e-1
3.5e0 2.7e0 3.0390549e-1 3.0390549e-1
3.6e0 2.7e0 3.0283101e-1 3.0283101e-1
3.7e0 2.7e0 3.018488e-1 3.018488e-1
3.8e0 2.7e0 3.0095103e-1 3.0095103e-1
3.9e0 2.7e0 3.0013078e-1 3.0013078e-1
4.0e0 2.7e0 2.9938101e-1 2.9938101e-1
4.1e0 2.7e0 2.9869586e-1 2.9869586e-1
4.2e0 2.7e0 2.980696e-1 2.980696e-1
4.3e0 2.7e0 2.974973e-1 2.974973e-1
4.4e0 2.7e0 2.9697426e-1 2.9697426e-1
4.5e0 2.7e0 2.9649625e-1 2.9649625e-1
4.6e0 2.7e0 2.9605942e-1 2.9605942e-1
4.7e0 2.7e0 2.9566e-1 2.9566e-1
4.8e0 2.7e0 2.9529509e-1 2.9529509e-1
4.9e0 2.7e0 2.9496158e-1 2.9496158e-1
5.0e0 2.7e0 2.9465675e-1 2.9465675e-1

0.0e0 2.8e0 5.7132996e-1 5.7132996e-1
1.0e-1 2.8e0 5.4672997e-1 5.4672997e-1
2.0e-1 2.8e0 5.2426498e-1 5.2426498e-1
3.0e-1 2.8e0 5.0371498e-1 5.0371498e-1
4.0e-1 2.8e0 4.8495995e-1 4.8495995e-1
5.0e-1 2.8e0 4.6779999e-1 4.6779999e-1
6.0e-1 2.8e0 4.5209999e-1 4.5209999e-1
7.0e-1 2.8e0 4.3779495e-1 4.3779495e-1
8.0e-1 2.8e0 4.2469498e-1 4.2469498e-1
9.0e-1 2.8e0 4.1273994e-1 4.1273994e-1
1.0e0 2.8e0 4.0179001e-1 4.0179001e-1
1.1e0 2.8e0 3.9179001e-1 3.9179001e-1
1.2e0 2.8e0 3.8263496e-1 3.8263496e-1
1.3e0 2.8e0 3.7428001e-1 3.7428001e-1
1.4e0 2.8e0 3.6668e-1 3.6668e-1
1.5e0 2.8e0 3.5967995e-1 3.5967995e-1
1.6e0 2.8e0 3.5333e-1 3.5333e-1
1.7e0 2.8e0 3.4748001e-1 3.4748001e-1
1.8e0 2.8e0 3.4217499e-1 3.4217499e-1
1.9e0 2.8e0 3.3732498e-1 3.3732498e-1
2.0e0 2.8e0 3.3287386e-1 3.3287386e-1
2.1e0 2.8e0 3.2881087e-1 3.2881087e-1
2.2e0 2.8e0 3.2509723e-1 3.2509723e-1
2.3e0 2.8e0 3.2170314e-1 3.2170314e-1
2.4e0 2.8e0 3.1860158e-1 3.1860158e-1
2.5e0 2.8e0 3.1576677e-1 3.1576677e-1
2.6e0 2.8e0 3.1317603e-1 3.1317603e-1
2.7e0 2.8e0 3.1080771e-1 3.1080771e-1
2.8e0 2.8e0 3.0864388e-1 3.0864388e-1
2.9e0 2.8e0 3.0666605e-1 3.0666605e-1
3.0e0 2.8e0 3.0485867e-1 3.0485867e-1
3.1e0 2.8e0 3.0320656e-1 3.0320656e-1
3.2e0 2.8e0 3.0169681e-1 3.0169681e-1
3.3e0 2.8e0 3.0031706e-1 3.0031706e-1
3.4e0 2.8e0 2.9905588e-1 2.9905588e-1
3.5e0 2.8e0 2.9790318e-1 2.9790318e-1
3.6e0 2.8e0 2.9684988e-1 2.9684988e-1
3.7e0 2.8e0 2.9588724e-1 2.9588724e-1
3.8e0 2.8e0 2.950074e-1 2.950074e-1
3.9e0 2.8e0 2.942033e-1 2.942033e-1
4.0e0 2.8e0 2.9346843e-1 2.9346843e-1
4.1e0 2.8e0 2.9279683e-1 2.9279683e-1
4.2e0 2.8e0 2.9218295e-1 2.9218295e-1
4.3e0 2.8e0 2.9162201e-1 2.9162201e-1
4.4e0 2.8e0 2.9110922e-1 2.9110922e-1
4.5e0 2.8e0 2.9064073e-1 2.9064073e-1
4.6e0 2.8e0 2.9021248e-1 2.9021248e-1
4.7e0 2.8e0 2.8982112e-1 2.8982112e-1
4.8e0 2.8e0 2.8946335e-1 2.8946335e-1
4.9e0 2.8e0 2.8913644e-1 2.8913644e-1
5.0e0 2.8e0 2.8883766e-1 2.8883766e-1

0.0e0 2.9e0 5.6003006e-1 5.6003006e-1
1.0e-1 2.9e0 5.3592003e-1 5.3592003e-1
2.0e-1 2.9e0 5.1387001e-1 5.1387001e-1
3.0e-1 2.9e0 4.9376e-1 4.9376e-1
4.0e-1 2.9e0 4.7536003e-1 4.7536003e-1
5.0e-1 2.9e0 4.5856003e-1 4.5856003e-1
6.0e-1 2.9e0 4.4315506e-1 4.4315506e-1
7.0e-1 2.9e0 4.2914505e-1 4.2914505e-1
8.0e-1 2.9e0 4.1629005e-1 4.1629005e-1
9.0e-1 2.9e0 4.0454002e-1 4.0454002e-1
1.0e0 2.9e0 3.9384003e-1 3.9384003e-1
1.1e0 2.9e0 3.8403503e-1 3.8403503e-1
1.2e0 2.9e0 3.7508507e-1 3.7508507e-1
1.3e0 2.9e0 3.66885e-1 3.66885e-1
1.4e0 2.9e0 3.5943001e-1 3.5943001e-1
1.5e0 2.9e0 3.5258003e-1 3.5258003e-1
1.6e0 2.9e0 3.4633003e-1 3.4633003e-1
1.7e0 2.9e0 3.40625e-1 3.40625e-1
1.8e0 2.9e0 3.3542503e-1 3.3542503e-1
1.9e0 2.9e0 3.3062004e-1 3.3062004e-1
2.0e0 2.9e0 3.2628897e-1 3.2628897e-1
2.1e0 2.9e0 3.2230638e-1 3.2230638e-1
2.2e0 2.9e0 3.1866656e-1 3.1866656e-1
2.3e0 2.9e0 3.1533994e-1 3.1533994e-1
2.4e0 2.9e0 3.1229898e-1 3.1229898e-1
2.5e0 2.9e0 3.0952043e-1 3.0952043e-1
2.6e0 2.9e0 3.0698091e-1 3.0698091e-1
2.7e0 2.9e0 3.0466022e-1 3.0466022e-1
2.8e0 2.9e0 3.0253888e-1 3.0253888e-1
2.9e0 2.9e0 3.0060028e-1 3.0060028e-1
3.0e0 2.9e0 2.988286e-1 2.988286e-1
3.1e0 2.9e0 2.9720949e-1 2.9720949e-1
3.2e0 2.9e0 2.9572928e-1 2.9572928e-1
3.3e0 2.9e0 2.943768e-1 2.943768e-1
3.4e0 2.9e0 2.9314066e-1 2.9314066e-1
3.5e0 2.9e0 2.9201106e-1 2.9201106e-1
3.6e0 2.9e0 2.9097847e-1 2.9097847e-1
3.7e0 2.9e0 2.9003487e-1 2.9003487e-1
3.8e0 2.9e0 2.8917244e-1 2.8917244e-1
3.9e0 2.9e0 2.8838432e-1 2.8838432e-1
4.0e0 2.9e0 2.8766402e-1 2.8766402e-1
4.1e0 2.9e0 2.8700555e-1 2.8700555e-1
4.2e0 2.9e0 2.8640392e-1 2.8640392e-1
4.3e0 2.9e0 2.8585405e-1 2.8585405e-1
4.4e0 2.9e0 2.853515e-1 2.853515e-1
4.5e0 2.9e0 2.8489224e-1 2.8489224e-1
4.6e0 2.9e0 2.844725e-1 2.844725e-1
4.7e0 2.9e0 2.8408885e-1 2.8408885e-1
4.8e0 2.9e0 2.8373824e-1 2.8373824e-1
4.9e0 2.9e0 2.8341772e-1 2.8341772e-1
5.0e0 2.9e0 2.8312488e-1 2.8312488e-1

0.0e0 3.0e0 5.4891998e-1 5.4891998e-1
1.0e-1 3.0e0 5.2527e-1 5.2527e-1
2.0e-1 3.0e0 5.0371002e-1 5.0371002e-1
3.0e-1 3.0e0 4.83955e-1 4.83955e-1
4.0e-1 3.0e0 4.6595001e-1 4.6595001e-1
5.0e-1 3.0e0 4.4945e-1 4.4945e-1
6.0e-1 3.0e0 4.3439499e-1 4.3439499e-1
7.0e-1 3.0e0 4.2063995e-1 4.2063995e-1
8.0e-1 3.0e0 4.0803497e-1 4.0803497e-1
9.0e-1 3.0e0 3.9654e-1 3.9654e-1
1.0e0 3.0e0 3.8602997e-1 3.8602997e-1
1.1e0 3.0e0 3.7643501e-1 3.7643501e-1
1.2e0 3.0e0 3.6763e-1 3.6763e-1
1.3e0 3.0e0 3.5962502e-1 3.5962502e-1
1.4e0 3.0e0 3.5226997e-1 3.5226997e-1
1.5e0 3.0e0 3.4557503e-1 3.4557503e-1
1.6e0 3.0e0 3.3946999e-1 3.3946999e-1
1.7e0 3.0e0 3.3387001e-1 3.3387001e-1
1.8e0 3.0e0 3.2876495e-1 3.2876495e-1
1.9e0 3.0e0 3.240897e-1 3.240897e-1
2.0e0 3.0e0 3.1981818e-1 3.1981818e-1
2.1e0 3.0e0 3.159136e-1 3.159136e-1
2.2e0 3.0e0 3.1234581e-1 3.1234581e-1
2.3e0 3.0e0 3.0908522e-1 3.0908522e-1
2.4e0 3.0e0 3.061052e-1 3.061052e-1
2.5e0 3.0e0 3.0338129e-1 3.0338129e-1
2.6e0 3.0e0 3.0089201e-1 3.0089201e-1
2.7e0 3.0e0 2.986172e-1 2.986172e-1
2.8e0 3.0e0 2.9653813e-1 2.9653813e-1
2.9e0 3.0e0 2.9463744e-1 2.9463744e-1
3.0e0 3.0e0 2.9290074e-1 2.9290074e-1
3.1e0 3.0e0 2.9131384e-1 2.9131384e-1
3.2e0 3.0e0 2.8986316e-1 2.8986316e-1
3.3e0 3.0e0 2.8853734e-1 2.8853734e-1
3.4e0 3.0e0 2.8732578e-1 2.8732578e-1
3.5e0 3.0e0 2.8621843e-1 2.8621843e-1
3.6e0 3.0e0 2.8520645e-1 2.8520645e-1
3.7e0 3.0e0 2.8428151e-1 2.8428151e-1
3.8e0 3.0e0 2.8343607e-1 2.8343607e-1
3.9e0 3.0e0 2.8266354e-1 2.8266354e-1
4.0e0 3.0e0 2.8195746e-1 2.8195746e-1
4.1e0 3.0e0 2.8131218e-1 2.8131218e-1
4.2e0 3.0e0 2.8072237e-1 2.8072237e-1
4.3e0 3.0e0 2.8018338e-1 2.8018338e-1
4.4e0 3.0e0 2.7969077e-1 2.7969077e-1
4.5e0 3.0e0 2.7924068e-1 2.7924068e-1
4.6e0 3.0e0 2.7882913e-1 2.7882913e-1
4.7e0 3.0e0 2.7845311e-1 2.7845311e-1
4.8e0 3.0e0 2.7810944e-1 2.7810944e-1
4.9e0 3.0e0 2.7779535e-1 2.7779535e-1
5.0e0 3.0e0 2.7750826e-1 2.7750826e-1

0.0e0 3.1e0 5.3802002e-1 5.3802002e-1
1.0e-1 3.1e0 5.1486504e-1 5.1486504e-1
2.0e-1 3.1e0 4.9371002e-1 4.9371002e-1
3.0e-1 3.1e0 4.7435501e-1 4.7435501e-1
4.0e-1 3.1e0 4.5669998e-1 4.5669998e-1
5.0e-1 3.1e0 4.4055e-1 4.4055e-1
6.0e-1 3.1e0 4.2573997e-1 4.2573997e-1
7.0e-1 3.1e0 4.1229004e-1 4.1229004e-1
8.0e-1 3.1e0 3.9994003e-1 3.9994003e-1
9.0e-1 3.1e0 3.88685e-1 3.88685e-1
1.0e0 3.1e0 3.7838501e-1 3.7838501e-1
1.1e0 3.1e0 3.6892998e-1 3.6892998e-1
1.2e0 3.1e0 3.6032501e-1 3.6032501e-1
1.3e0 3.1e0 3.5247498e-1 3.5247498e-1
1.4e0 3.1e0 3.4527504e-1 3.4527504e-1
1.5e0 3.1e0 3.3872002e-1 3.3872002e-1
1.6e0 3.1e0 3.3272499e-1 3.3272499e-1
1.7e0 3.1e0 3.2722e-1 3.2722e-1
1.8e0 3.1e0 3.2221504e-1 3.2221504e-1
1.9e0 3.1e0 3.176564e-1 3.176564e-1
2.0e0 3.1e0 3.1346964e-1 3.1346964e-1
2.1e0 3.1e0 3.0964311e-1 3.0964311e-1
2.2e0 3.1e0 3.0614561e-1 3.0614561e-1
2.3e0 3.1e0 3.0294963e-1 3.0294963e-1
2.4e0 3.1e0 3.0002852e-1 3.0002852e-1
2.5e0 3.1e0 2.9735869e-1 2.9735869e-1
2.6e0 3.1e0 2.9491852e-1 2.9491852e-1
2.7e0 3.1e0 2.926886e-1 2.926886e-1
2.8e0 3.1e0 2.9065077e-1 2.9065077e-1
2.9e0 3.1e0 2.8878806e-1 2.8878806e-1
3.0e0 3.1e0 2.8708582e-1 2.8708582e-1
3.1e0 3.1e0 2.8553001e-1 2.8553001e-1
3.2e0 3.1e0 2.8410814e-1 2.8410814e-1
3.3e0 3.1e0 2.8280875e-1 2.8280875e-1
3.4e0 3.1e0 2.8162119e-1 2.8162119e-1
3.5e0 3.1e0 2.8053552e-1 2.8053552e-1
3.6e0 3.1e0 2.7954356e-1 2.7954356e-1
3.7e0 3.1e0 2.7863701e-1 2.7863701e-1
3.8e0 3.1e0 2.7780841e-1 2.7780841e-1
3.9e0 3.1e0 2.7705104e-1 2.7705104e-1
4.0e0 3.1e0 2.7635907e-1 2.7635907e-1
4.1e0 3.1e0 2.7572653e-1 2.7572653e-1
4.2e0 3.1e0 2.7514844e-1 2.7514844e-1
4.3e0 3.1e0 2.7462001e-1 2.7462001e-1
4.4e0 3.1e0 2.741372e-1 2.741372e-1
4.5e0 3.1e0 2.7369601e-1 2.7369601e-1
4.6e0 3.1e0 2.7329271e-1 2.7329271e-1
4.7e0 3.1e0 2.7292404e-1 2.7292404e-1
4.8e0 3.1e0 2.7258719e-1 2.7258719e-1
4.9e0 3.1e0 2.7227933e-1 2.7227933e-1
5.0e0 3.1e0 2.7199794e-1 2.7199794e-1

0.0e0 3.2e0 5.2742004e-1 5.2742004e-1
1.0e-1 3.2e0 5.0471504e-1 5.0471504e-1
2.0e-1 3.2e0 4.8396004e-1 4.8396004e-1
3.0e-1 3.2e0 4.6500504e-1 4.6500504e-1
4.0e-1 3.2e0 4.4764503e-1 4.4764503e-1
5.0e-1 3.2e0 4.3184502e-1 4.3184502e-1
6.0e-1 3.2e0 4.1734505e-1 4.1734505e-1
7.0e-1 3.2e0 4.0413506e-1 4.0413506e-1
8.0e-1 3.2e0 3.9203499e-1 3.9203499e-1
9.0e-1 3.2e0 3.8098e-1 3.8098e-1
1.0e0 3.2e0 3.7088005e-1 3.7088005e-1
1.1e0 3.2e0 3.6168e-1 3.6168e-1
1.2e0 3.2e0 3.5322502e-1 3.5322502e-1
1.3e0 3.2e0 3.4553001e-1 3.4553001e-1
1.4e0 3.2e0 3.3847e-1 3.3847e-1
1.5e0 3.2e0 3.3207e-1 3.3207e-1
1.6e0 3.2e0 3.2617004e-1 3.2617004e-1
1.7e0 3.2e0 3.2077003e-1 3.2077003e-1
1.8e0 3.2e0 3.1587006e-1 3.1587006e-1
1.9e0 3.2e0 3.1139333e-1 3.1139333e-1
2.0e0 3.2e0 3.0728937e-1 3.0728937e-1
2.1e0 3.2e0 3.035386e-1 3.035386e-1
2.2e0 3.2e0 3.0011087e-1 3.0011087e-1
2.3e0 3.2e0 2.9697716e-1 2.9697716e-1
2.4e0 3.2e0 2.941141e-1 2.941141e-1
2.5e0 3.2e0 2.9149736e-1 2.9149736e-1
2.6e0 3.2e0 2.8910574e-1 2.8910574e-1
2.7e0 3.2e0 2.8691978e-1 2.8691978e-1
2.8e0 3.2e0 2.8492224e-1 2.8492224e-1
2.9e0 3.2e0 2.8309659e-1 2.8309659e-1
3.0e0 3.2e0 2.81428e-1 2.81428e-1
3.1e0 3.2e0 2.7990306e-1 2.7990306e-1
3.2e0 3.2e0 2.7850912e-1 2.7850912e-1
3.3e0 3.2e0 2.7723538e-1 2.7723538e-1
3.4e0 3.2e0 2.760713e-1 2.760713e-1
3.5e0 3.2e0 2.7500735e-1 2.7500735e-1
3.6e0 3.2e0 2.7403506e-1 2.7403506e-1
3.7e0 3.2e0 2.7314642e-1 2.7314642e-1
3.8e0 3.2e0 2.723342e-1 2.723342e-1
3.9e0 3.2e0 2.7159195e-1 2.7159195e-1
4.0e0 3.2e0 2.7091347e-1 2.7091347e-1
4.1e0 3.2e0 2.7029347e-1 2.7029347e-1
4.2e0 3.2e0 2.697268e-1 2.697268e-1
4.3e0 3.2e0 2.6920905e-1 2.6920905e-1
4.4e0 3.2e0 2.687357e-1 2.687357e-1
4.5e0 3.2e0 2.6830322e-1 2.6830322e-1
4.6e0 3.2e0 2.6790791e-1 2.6790791e-1
4.7e0 3.2e0 2.6754662e-1 2.6754662e-1
4.8e0 3.2e0 2.6721634e-1 2.6721634e-1
4.9e0 3.2e0 2.6691457e-1 2.6691457e-1
5.0e0 3.2e0 2.6663878e-1 2.6663878e-1

0.0e0 3.3e0 5.1692001e-1 5.1692001e-1
1.0e-1 3.3e0 4.94665e-1 4.94665e-1
2.0e-1 3.3e0 4.7435997e-1 4.7435997e-1
3.0e-1 3.3e0 4.55755e-1 4.55755e-1
4.0e-1 3.3e0 4.3880501e-1 4.3880501e-1
5.0e-1 3.3e0 4.2324501e-1 4.2324501e-1
6.0e-1 3.3e0 4.09095e-1 4.09095e-1
7.0e-1 3.3e0 3.9608498e-1 3.9608498e-1
8.0e-1 3.3e0 3.8424004e-1 3.8424004e-1
9.0e-1 3.3e0 3.7343498e-1 3.7343498e-1
1.0e0 3.3e0 3.6353004e-1 3.6353004e-1
1.1e0 3.3e0 3.5447502e-1 3.5447502e-1
1.2e0 3.3e0 3.4623001e-1 3.4623001e-1
1.3e0 3.3e0 3.38675e-1 3.38675e-1
1.4e0 3.3e0 3.3177002e-1 3.3177002e-1
1.5e0 3.3e0 3.2542503e-1 3.2542503e-1
1.6e0 3.3e0 3.1967003e-1 3.1967003e-1
1.7e0 3.3e0 3.1442001e-1 3.1442001e-1
1.8e0 3.3e0 3.0957e-1 3.0957e-1
1.9e0 3.3e0 3.0519946e-1 3.0519946e-1
2.0e0 3.3e0 3.0117612e-1 3.0117612e-1
2.1e0 3.3e0 2.9749959e-1 2.9749959e-1
2.2e0 3.3e0 2.9413956e-1 2.9413956e-1
2.3e0 3.3e0 2.9106894e-1 2.9106894e-1
2.4e0 3.3e0 2.882619e-1 2.882619e-1
2.5e0 3.3e0 2.8569716e-1 2.8569716e-1
2.6e0 3.3e0 2.8335301e-1 2.8335301e-1
2.7e0 3.3e0 2.812105e-1 2.812105e-1
2.8e0 3.3e0 2.7925226e-1 2.7925226e-1
2.9e0 3.3e0 2.7746243e-1 2.7746243e-1
3.0e0 3.3e0 2.7582704e-1 2.7582704e-1
3.1e0 3.3e0 2.7433226e-1 2.7433226e-1
3.2e0 3.3e0 2.7296623e-1 2.7296623e-1
3.3e0 3.3e0 2.7171753e-1 2.7171753e-1
3.4e0 3.3e0 2.7057663e-1 2.7057663e-1
3.5e0 3.3e0 2.6953369e-1 2.6953369e-1
3.6e0 3.3e0 2.6858066e-1 2.6858066e-1
3.7e0 3.3e0 2.6770944e-1 2.6770944e-1
3.8e0 3.3e0 2.6691338e-1 2.6691338e-1
3.9e0 3.3e0 2.6618579e-1 2.6618579e-1
4.0e0 3.3e0 2.6552083e-1 2.6552083e-1
4.1e0 3.3e0 2.6491312e-1 2.6491312e-1
4.2e0 3.3e0 2.6435774e-1 2.6435774e-1
4.3e0 3.3e0 2.6385013e-1 2.6385013e-1
4.4e0 3.3e0 2.633863e-1 2.633863e-1
4.5e0 3.3e0 2.6296222e-1 2.6296222e-1
4.6e0 3.3e0 2.6257472e-1 2.6257472e-1
4.7e0 3.3e0 2.622206e-1 2.622206e-1
4.8e0 3.3e0 2.6189694e-1 2.6189694e-1
4.9e0 3.3e0 2.616011e-1 2.616011e-1
5.0e0 3.3e0 2.6133075e-1 2.6133075e-1

0.0e0 3.4e0 5.0671005e-1 5.0671005e-1
1.0e-1 3.4e0 4.8490501e-1 4.8490501e-1
2.0e-1 3.4e0 4.6495003e-1 4.6495003e-1
3.0e-1 3.4e0 4.46745e-1 4.46745e-1
4.0e-1 3.4e0 4.3010002e-1 4.3010002e-1
5.0e-1 3.4e0 4.1489006e-1 4.1489006e-1
6.0e-1 3.4e0 4.0098503e-1 4.0098503e-1
7.0e-1 3.4e0 3.8828003e-1 3.8828003e-1
8.0e-1 3.4e0 3.7668503e-1 3.7668503e-1
9.0e-1 3.4e0 3.6602501e-1 3.6602501e-1
1.0e0 3.4e0 3.5633003e-1 3.5633003e-1
1.1e0 3.4e0 3.4747002e-1 3.4747002e-1
1.2e0 3.4e0 3.3937004e-1 3.3937004e-1
1.3e0 3.4e0 3.3197006e-1 3.3197006e-1
1.4e0 3.4e0 3.25215e-1 3.25215e-1
1.5e0 3.4e0 3.1901505e-1 3.1901505e-1
1.6e0 3.4e0 3.1337006e-1 3.1337006e-1
1.7e0 3.4e0 3.0822006e-1 3.0822006e-1
1.8e0 3.4e0 3.0346504e-1 3.0346504e-1
1.9e0 3.4e0 2.9916873e-1 2.9916873e-1
2.0e0 3.4e0 2.9522571e-1 2.9522571e-1
2.1e0 3.4e0 2.9162152e-1 2.9162152e-1
2.2e0 3.4e0 2.8832831e-1 2.8832831e-1
2.3e0 3.4e0 2.8531818e-1 2.8531818e-1
2.4e0 3.4e0 2.8256721e-1 2.8256721e-1
2.5e0 3.4e0 2.80053e-1 2.80053e-1
2.6e0 3.4e0 2.777547e-1 2.777547e-1
2.7e0 3.4e0 2.7565474e-1 2.7565474e-1
2.8e0 3.4e0 2.737355e-1 2.737355e-1
2.9e0 3.4e0 2.7198132e-1 2.7198132e-1
3.0e0 3.4e0 2.7037819e-1 2.7037819e-1
3.1e0 3.4e0 2.6891304e-1 2.6891304e-1
3.2e0 3.4e0 2.6757391e-1 2.6757391e-1
3.3e0 3.4e0 2.6635019e-1 2.6635019e-1
3.4e0 3.4e0 2.6523148e-1 2.6523148e-1
3.5e0 3.4e0 2.6420937e-1 2.6420937e-1
3.6e0 3.4e0 2.6327513e-1 2.6327513e-1
3.7e0 3.4e0 2.6242137e-1 2.6242137e-1
3.8e0 3.4e0 2.6164098e-1 2.6164098e-1
3.9e0 3.4e0 2.6092787e-1 2.6092787e-1
4.0e0 3.4e0 2.6027605e-1 2.6027605e-1
4.1e0 3.4e0 2.5968039e-1 2.5968039e-1
4.2e0 3.4e0 2.5913586e-1 2.5913586e-1
4.3e0 3.4e0 2.586384e-1 2.586384e-1
4.4e0 3.4e0 2.5818372e-1 2.5818372e-1
4.5e0 3.4e0 2.5776813e-1 2.5776813e-1
4.6e0 3.4e0 2.5738828e-1 2.5738828e-1
4.7e0 3.4e0 2.5704114e-1 2.5704114e-1
4.8e0 3.4e0 2.567239e-1 2.567239e-1
4.9e0 3.4e0 2.5643396e-1 2.5643396e-1
5.0e0 3.4e0 2.5616895e-1 2.5616895e-1

0.0e0 3.5e0 4.9671997e-1 4.9671997e-1
1.0e-1 3.5e0 4.7530998e-1 4.7530998e-1
2.0e-1 3.5e0 4.5580498e-1 4.5580498e-1
3.0e-1 3.5e0 4.3790497e-1 4.3790497e-1
4.0e-1 3.5e0 4.2159996e-1 4.2159996e-1
5.0e-1 3.5e0 4.0669502e-1 4.0669502e-1
6.0e-1 3.5e0 3.9304497e-1 3.9304497e-1
7.0e-1 3.5e0 3.8058502e-1 3.8058502e-1
8.0e-1 3.5e0 3.6922997e-1 3.6922997e-1
9.0e-1 3.5e0 3.5883499e-1 3.5883499e-1
1.0e0 3.5e0 3.4932495e-1 3.4932495e-1
1.1e0 3.5e0 3.4062996e-1 3.4062996e-1
1.2e0 3.5e0 3.3266998e-1 3.3266998e-1
1.3e0 3.5e0 3.2542496e-1 3.2542496e-1
1.4e0 3.5e0 3.1876999e-1 3.1876999e-1
1.5e0 3.5e0 3.1271996e-1 3.1271996e-1
1.6e0 3.5e0 3.07165e-1 3.07165e-1
1.7e0 3.5e0 3.0211502e-1 3.0211502e-1
1.8e0 3.5e0 2.9749548e-1 2.9749548e-1
1.9e0 3.5e0 2.932666e-1 2.932666e-1
2.0e0 3.5e0 2.8940132e-1 2.8940132e-1
2.1e0 3.5e0 2.8586919e-1 2.8586919e-1
2.2e0 3.5e0 2.8264087e-1 2.8264087e-1
2.3e0 3.5e0 2.7968997e-1 2.7968997e-1
2.4e0 3.5e0 2.7699347e-1 2.7699347e-1
2.5e0 3.5e0 2.745291e-1 2.745291e-1
2.6e0 3.5e0 2.7227686e-1 2.7227686e-1
2.7e0 3.5e0 2.7021812e-1 2.7021812e-1
2.8e0 3.5e0 2.683369e-1 2.683369e-1
2.9e0 3.5e0 2.6661758e-1 2.6661758e-1
3.0e0 3.5e0 2.6504622e-1 2.6504622e-1
3.1e0 3.5e0 2.6360973e-1 2.6360973e-1
3.2e0 3.5e0 2.6229724e-1 2.6229724e-1
3.3e0 3.5e0 2.6109773e-1 2.6109773e-1
3.4e0 3.5e0 2.6000142e-1 2.6000142e-1
3.5e0 3.5e0 2.5899937e-1 2.5899937e-1
3.6e0 3.5e0 2.5808366e-1 2.5808366e-1
3.7e0 3.5e0 2.5724684e-1 2.5724684e-1
3.8e0 3.5e0 2.5648201e-1 2.5648201e-1
3.9e0 3.5e0 2.5578284e-1 2.5578284e-1
4.0e0 3.5e0 2.5514386e-1 2.5514386e-1
4.1e0 3.5e0 2.5456004e-1 2.5456004e-1
4.2e0 3.5e0 2.5402644e-1 2.5402644e-1
4.3e0 3.5e0 2.5353867e-1 2.5353867e-1
4.4e0 3.5e0 2.5309306e-1 2.5309306e-1
4.5e0 3.5e0 2.5268571e-1 2.5268571e-1
4.6e0 3.5e0 2.523134e-1 2.523134e-1
4.7e0 3.5e0 2.5197316e-1 2.5197316e-1
4.8e0 3.5e0 2.5166214e-1 2.5166214e-1
4.9e0 3.5e0 2.5137791e-1 2.5137791e-1
5.0e0 3.5e0 2.5111818e-1 2.5111818e-1

0.0e0 3.6e0 4.8682007e-1 4.8682007e-1
1.0e-1 3.6e0 4.6586006e-1 4.6586006e-1
2.0e-1 3.6e0 4.4670502e-1 4.4670502e-1
3.0e-1 3.6e0 4.2920006e-1 4.2920006e-1
4.0e-1 3.6e0 4.1325005e-1 4.1325005e-1
5.0e-1 3.6e0 3.9859001e-1 3.9859001e-1
6.0e-1 3.6e0 3.8524002e-1 3.8524002e-1
7.0e-1 3.6e0 3.7304001e-1 3.7304001e-1
8.0e-1 3.6e0 3.6188507e-1 3.6188507e-1
9.0e-1 3.6e0 3.5168007e-1 3.5168007e-1
1.0e0 3.6e0 3.4238007e-1 3.4238007e-1
1.1e0 3.6e0 3.33825e-1 3.33825e-1
1.2e0 3.6e0 3.2607506e-1 3.2607506e-1
1.3e0 3.6e0 3.1892502e-1 3.1892502e-1
1.4e0 3.6e0 3.12425e-1 3.12425e-1
1.5e0 3.6e0 3.0647507e-1 3.0647507e-1
1.6e0 3.6e0 3.0107506e-1 3.0107506e-1
1.7e0 3.6e0 2.9612007e-1 2.9612007e-1
1.8e0 3.6e0 2.9157294e-1 2.9157294e-1
1.9e0 3.6e0 2.8742772e-1 2.8742772e-1
2.0e0 3.6e0 2.8363857e-1 2.8363857e-1
2.1e0 3.6e0 2.8017627e-1 2.8017627e-1
2.2e0 3.6e0 2.7701184e-1 2.7701184e-1
2.3e0 3.6e0 2.7411992e-1 2.7411992e-1
2.4e0 3.6e0 2.7147656e-1 2.7147656e-1
2.5e0 3.6e0 2.6906102e-1 2.6906102e-1
2.6e0 3.6e0 2.6685327e-1 2.6685327e-1
2.7e0 3.6e0 2.6483565e-1 2.6483565e-1
2.8e0 3.6e0 2.6299126e-1 2.6299126e-1
2.9e0 3.6e0 2.6130586e-1 2.6130586e-1
3.0e0 3.6e0 2.597656e-1 2.597656e-1
3.1e0 3.6e0 2.5835796e-1 2.5835796e-1
3.2e0 3.6e0 2.5707137e-1 2.5707137e-1
3.3e0 3.6e0 2.5589554e-1 2.5589554e-1
3.4e0 3.6e0 2.5482106e-1 2.5482106e-1
3.5e0 3.6e0 2.5383885e-1 2.5383885e-1
3.6e0 3.6e0 2.5294109e-1 2.5294109e-1
3.7e0 3.6e0 2.5212083e-1 2.5212083e-1
3.8e0 3.6e0 2.5137106e-1 2.5137106e-1
3.9e0 3.6e0 2.5068591e-1 2.5068591e-1
4.0e0 3.6e0 2.5005965e-1 2.5005965e-1
4.1e0 3.6e0 2.4948735e-1 2.4948735e-1
4.2e0 3.6e0 2.4896431e-1 2.4896431e-1
4.3e0 3.6e0 2.484863e-1 2.484863e-1
4.4e0 3.6e0 2.4804947e-1 2.4804947e-1
4.5e0 3.6e0 2.4765005e-1 2.4765005e-1
4.6e0 3.6e0 2.4728514e-1 2.4728514e-1
4.7e0 3.6e0 2.4695163e-1 2.4695163e-1
4.8e0 3.6e0 2.466468e-1 2.466468e-1
4.9e0 3.6e0 2.463682e-1 2.463682e-1
5.0e0 3.6e0 2.461136e-1 2.461136e-1

0.0e0 3.7e0 4.7720001e-1 4.7720001e-1
1.0e-1 3.7e0 4.5665001e-1 4.5665001e-1
2.0e-1 3.7e0 4.3789497e-1 4.3789497e-1
3.0e-1 3.7e0 4.2073502e-1 4.2073502e-1
4.0e-1 3.7e0 4.0503502e-1 4.0503502e-1
5.0e-1 3.7e0 3.9072998e-1 3.9072998e-1
6.0e-1 3.7e0 3.7763e-1 3.7763e-1
7.0e-1 3.7e0 3.6567497e-1 3.6567497e-1
8.0e-1 3.7e0 3.5472504e-1 3.5472504e-1
9.0e-1 3.7e0 3.4472504e-1 3.4472504e-1
1.0e0 3.7e0 3.3556999e-1 3.3556999e-1
1.1e0 3.7e0 3.2721504e-1 3.2721504e-1
1.2e0 3.7e0 3.1961502e-1 3.1961502e-1
1.3e0 3.7e0 3.1261497e-1 3.1261497e-1
1.4e0 3.7e0 3.0626503e-1 3.0626503e-1
1.5e0 3.7e0 3.0041504e-1 3.0041504e-1
1.6e0 3.7e0 2.9511002e-1 2.9511002e-1
1.7e0 3.7e0 2.9026001e-1 2.9026001e-1
1.8e0 3.7e0 2.8580888e-1 2.8580888e-1
1.9e0 3.7e0 2.817459e-1 2.817459e-1
2.0e0 3.7e0 2.7803226e-1 2.7803226e-1
2.1e0 3.7e0 2.7463817e-1 2.7463817e-1
2.2e0 3.7e0 2.715366e-1 2.715366e-1
2.3e0 3.7e0 2.687018e-1 2.687018e-1
2.4e0 3.7e0 2.6611105e-1 2.6611105e-1
2.5e0 3.7e0 2.6374274e-1 2.6374274e-1
2.6e0 3.7e0 2.615789e-1 2.615789e-1
2.7e0 3.7e0 2.5960107e-1 2.5960107e-1
2.8e0 3.7e0 2.577937e-1 2.577937e-1
2.9e0 3.7e0 2.5614159e-1 2.5614159e-1
3.0e0 3.7e0 2.5463184e-1 2.5463184e-1
3.1e0 3.7e0 2.5325209e-1 2.5325209e-1
3.2e0 3.7e0 2.519909e-1 2.519909e-1
3.3e0 3.7e0 2.5083821e-1 2.5083821e-1
3.4e0 3.7e0 2.4978491e-1 2.4978491e-1
3.5e0 3.7e0 2.4882227e-1 2.4882227e-1
3.6e0 3.7e0 2.4794243e-1 2.4794243e-1
3.7e0 3.7e0 2.4713832e-1 2.4713832e-1
3.8e0 3.7e0 2.4640346e-1 2.4640346e-1
3.9e0 3.7e0 2.4573186e-1 2.4573186e-1
4.0e0 3.7e0 2.4511798e-1 2.4511798e-1
4.1e0 3.7e0 2.4455704e-1 2.4455704e-1
4.2e0 3.7e0 2.4404425e-1 2.4404425e-1
4.3e0 3.7e0 2.4357576e-1 2.4357576e-1
4.4e0 3.7e0 2.431475e-1 2.431475e-1
4.5e0 3.7e0 2.4275615e-1 2.4275615e-1
4.6e0 3.7e0 2.4239838e-1 2.4239838e-1
4.7e0 3.7e0 2.4207147e-1 2.4207147e-1
4.8e0 3.7e0 2.4177269e-1 2.4177269e-1
4.9e0 3.7e0 2.4149963e-1 2.4149963e-1
5.0e0 3.7e0 2.4125002e-1 2.4125002e-1

0.0e0 3.8e0 4.6770996e-1 4.6770996e-1
1.0e-1 3.8e0 4.4759995e-1 4.4759995e-1
2.0e-1 3.8e0 4.2919998e-1 4.2919998e-1
3.0e-1 3.8e0 4.1239998e-1 4.1239998e-1
4.0e-1 3.8e0 3.9699501e-1 3.9699501e-1
5.0e-1 3.8e0 3.82985e-1 3.82985e-1
6.0e-1 3.8e0 3.7013e-1 3.7013e-1
7.0e-1 3.8e0 3.5837997e-1 3.5837997e-1
8.0e-1 3.8e0 3.4767998e-1 3.4767998e-1
9.0e-1 3.8e0 3.3787498e-1 3.3787498e-1
1.0e0 3.8e0 3.2892502e-1 3.2892502e-1
1.1e0 3.8e0 3.2072495e-1 3.2072495e-1
1.2e0 3.8e0 3.1326996e-1 3.1326996e-1
1.3e0 3.8e0 3.0641998e-1 3.0641998e-1
1.4e0 3.8e0 3.0016998e-1 3.0016998e-1
1.5e0 3.8e0 2.9446495e-1 2.9446495e-1
1.6e0 3.8e0 2.8926498e-1 2.8926498e-1
1.7e0 3.8e0 2.8445999e-1 2.8445999e-1
1.8e0 3.8e0 2.8012892e-1 2.8012892e-1
1.9e0 3.8e0 2.7614633e-1 2.7614633e-1
2.0e0 3.8e0 2.7250652e-1 2.7250652e-1
2.1e0 3.8e0 2.6917989e-1 2.6917989e-1
2.2e0 3.8e0 2.6613893e-1 2.6613893e-1
2.3e0 3.8e0 2.6336038e-1 2.6336038e-1
2.4e0 3.8e0 2.6082086e-1 2.6082086e-1
2.5e0 3.8e0 2.5850017e-1 2.5850017e-1
2.6e0 3.8e0 2.5637883e-1 2.5637883e-1
2.7e0 3.8e0 2.5444023e-1 2.5444023e-1
2.8e0 3.8e0 2.5266855e-1 2.5266855e-1
2.9e0 3.8e0 2.5104944e-1 2.5104944e-1
3.0e0 3.8e0 2.4956923e-1 2.4956923e-1
3.1e0 3.8e0 2.4821675e-1 2.4821675e-1
3.2e0 3.8e0 2.469806e-1 2.469806e-1
3.3e0 3.8e0 2.4585101e-1 2.4585101e-1
3.4e0 3.8e0 2.4481842e-1 2.4481842e-1
3.5e0 3.8e0 2.4387482e-1 2.4387482e-1
3.6e0 3.8e0 2.4301239e-1 2.4301239e-1
3.7e0 3.8e0 2.4222427e-1 2.4222427e-1
3.8e0 3.8e0 2.4150397e-1 2.4150397e-1
3.9e0 3.8e0 2.408455e-1 2.408455e-1
4.0e0 3.8e0 2.4024387e-1 2.4024387e-1
4.1e0 3.8e0 2.39694e-1 2.39694e-1
4.2e0 3.8e0 2.3919145e-1 2.3919145e-1
4.3e0 3.8e0 2.387322e-1 2.387322e-1
4.4e0 3.8e0 2.3831245e-1 2.3831245e-1
4.5e0 3.8e0 2.379288e-1 2.379288e-1
4.6e0 3.8e0 2.3757819e-1 2.3757819e-1
4.7e0 3.8e0 2.3725768e-1 2.3725768e-1
4.8e0 3.8e0 2.3696483e-1 2.3696483e-1
4.9e0 3.8e0 2.3669716e-1 2.3669716e-1
5.0e0 3.8e0 2.3645255e-1 2.3645255e-1

0.0e0 3.9e0 4.5850006e-1 4.5850006e-1
1.0e-1 3.9e0 4.3874504e-1 4.3874504e-1
2.0e-1 3.9e0 4.2074005e-1 4.2074005e-1
3.0e-1 3.9e0 4.0424004e-1 4.0424004e-1
4.0e-1 3.9e0 3.8918503e-1 3.8918503e-1
5.0e-1 3.9e0 3.7543e-1 3.7543e-1
6.0e-1 3.9e0 3.6282501e-1 3.6282501e-1
7.0e-1 3.9e0 3.5133003e-1 3.5133003e-1
8.0e-1 3.9e0 3.4082e-1 3.4082e-1
9.0e-1 3.9e0 3.3122505e-1 3.3122505e-1
1.0e0 3.9e0 3.2242004e-1 3.2242004e-1
1.1e0 3.9e0 3.1441505e-1 3.1441505e-1
1.2e0 3.9e0 3.0706001e-1 3.0706001e-1
1.3e0 3.9e0 3.0036507e-1 3.0036507e-1
1.4e0 3.9e0 2.9426003e-1 2.9426003e-1
1.5e0 3.9e0 2.8866005e-1 2.8866005e-1
1.6e0 3.9e0 2.83555e-1 2.83555e-1
1.7e0 3.9e0 2.7887975e-1 2.7887975e-1
1.8e0 3.9e0 2.7460822e-1 2.7460822e-1
1.9e0 3.9e0 2.7070364e-1 2.7070364e-1
2.0e0 3.9e0 2.6713585e-1 2.6713585e-1
2.1e0 3.9e0 2.6387526e-1 2.6387526e-1
2.2e0 3.9e0 2.6089523e-1 2.6089523e-1
2.3e0 3.9e0 2.5817133e-1 2.5817133e-1
2.4e0 3.9e0 2.5568205e-1 2.5568205e-1
2.5e0 3.9e0 2.5340724e-1 2.5340724e-1
2.6e0 3.9e0 2.5132817e-1 2.5132817e-1
2.7e0 3.9e0 2.4942747e-1 2.4942747e-1
2.8e0 3.9e0 2.4769078e-1 2.4769078e-1
2.9e0 3.9e0 2.4610388e-1 2.4610388e-1
3.0e0 3.9e0 2.446532e-1 2.446532e-1
3.1e0 3.9e0 2.4332738e-1 2.4332738e-1
3.2e0 3.9e0 2.4211581e-1 2.4211581e-1
3.3e0 3.9e0 2.4100847e-1 2.4100847e-1
3.4e0 3.9e0 2.3999649e-1 2.3999649e-1
3.5e0 3.9e0 2.3907155e-1 2.3907155e-1
3.6e0 3.9e0 2.382261e-1 2.382261e-1
3.7e0 3.9e0 2.3745358e-1 2.3745358e-1
3.8e0 3.9e0 2.367475e-1 2.367475e-1
3.9e0 3.9e0 2.3610222e-1 2.3610222e-1
4.0e0 3.9e0 2.355124e-1 2.355124e-1
4.1e0 3.9e0 2.3497342e-1 2.3497342e-1
4.2e0 3.9e0 2.344808e-1 2.344808e-1
4.3e0 3.9e0 2.3403072e-1 2.3403072e-1
4.4e0 3.9e0 2.3361917e-1 2.3361917e-1
4.5e0 3.9e0 2.3324315e-1 2.3324315e-1
4.6e0 3.9e0 2.3289948e-1 2.3289948e-1
4.7e0 3.9e0 2.3258539e-1 2.3258539e-1
4.8e0 3.9e0 2.322983e-1 2.322983e-1
4.9e0 3.9e0 2.3203593e-1 2.3203593e-1
5.0e0 3.9e0 2.3179616e-1 2.3179616e-1

0.0e0 4.0e0 4.4940002e-1 4.4940002e-1
1.0e-1 4.0e0 4.3004501e-1 4.3004501e-1
2.0e-1 4.0e0 4.1238998e-1 4.1238998e-1
3.0e-1 4.0e0 3.9624e-1 3.9624e-1
4.0e-1 4.0e0 3.8142998e-1 3.8142998e-1
5.0e-1 4.0e0 3.6798004e-1 3.6798004e-1
6.0e-1 4.0e0 3.5563004e-1 3.5563004e-1
7.0e-1 4.0e0 3.44375e-1 3.44375e-1
8.0e-1 4.0e0 3.3407501e-1 3.3407501e-1
9.0e-1 4.0e0 3.2461998e-1 3.2461998e-1
1.0e0 4.0e0 3.1601501e-1 3.1601501e-1
1.1e0 4.0e0 3.0816498e-1 3.0816498e-1
1.2e0 4.0e0 3.0096504e-1 3.0096504e-1
1.3e0 4.0e0 2.9441002e-1 2.9441002e-1
1.4e0 4.0e0 2.88415e-1 2.88415e-1
1.5e0 4.0e0 2.8291e-1 2.8291e-1
1.6e0 4.0e0 2.7790504e-1 2.7790504e-1
1.7e0 4.0e0 2.733464e-1 2.733464e-1
1.8e0 4.0e0 2.6915964e-1 2.6915964e-1
1.9e0 4.0e0 2.6533311e-1 2.6533311e-1
2.0e0 4.0e0 2.6183562e-1 2.6183562e-1
2.1e0 4.0e0 2.5863963e-1 2.5863963e-1
2.2e0 4.0e0 2.5571852e-1 2.5571852e-1
2.3e0 4.0e0 2.5304869e-1 2.5304869e-1
2.4e0 4.0e0 2.5060852e-1 2.5060852e-1
2.5e0 4.0e0 2.483786e-1 2.483786e-1
2.6e0 4.0e0 2.4634077e-1 2.4634077e-1
2.7e0 4.0e0 2.4447806e-1 2.4447806e-1
2.8e0 4.0e0 2.4277582e-1 2.4277582e-1
2.9e0 4.0e0 2.4122002e-1 2.4122002e-1
3.0e0 4.0e0 2.3979814e-1 2.3979814e-1
3.1e0 4.0e0 2.3849875e-1 2.3849875e-1
3.2e0 4.0e0 2.3731119e-1 2.3731119e-1
3.3e0 4.0e0 2.3622552e-1 2.3622552e-1
3.4e0 4.0e0 2.3523357e-1 2.3523357e-1
3.5e0 4.0e0 2.3432701e-1 2.3432701e-1
3.6e0 4.0e0 2.3349841e-1 2.3349841e-1
3.7e0 4.0e0 2.3274104e-1 2.3274104e-1
3.8e0 4.0e0 2.3204907e-1 2.3204907e-1
3.9e0 4.0e0 2.3141653e-1 2.3141653e-1
4.0e0 4.0e0 2.3083844e-1 2.3083844e-1
4.1e0 4.0e0 2.3031001e-1 2.3031001e-1
4.2e0 4.0e0 2.2982721e-1 2.2982721e-1
4.3e0 4.0e0 2.2938602e-1 2.2938602e-1
4.4e0 4.0e0 2.2898271e-1 2.2898271e-1
4.5e0 4.0e0 2.2861404e-1 2.2861404e-1
4.6e0 4.0e0 2.2827719e-1 2.2827719e-1
4.7e0 4.0e0 2.2796933e-1 2.2796933e-1
4.8e0 4.0e0 2.2768794e-1 2.2768794e-1
4.9e0 4.0e0 2.2743074e-1 2.2743074e-1
5.0e0 4.0e0 2.271957e-1 2.271957e-1

0.0e0 4.1e0 4.4050003e-1 4.4050003e-1
1.0e-1 4.1e0 4.2154503e-1 4.2154503e-1
2.0e-1 4.1e0 4.0418503e-1 4.0418503e-1
3.0e-1 4.1e0 3.8838501e-1 3.8838501e-1
4.0e-1 4.1e0 3.7388504e-1 3.7388504e-1
5.0e-1 4.1e0 3.6067505e-1 3.6067505e-1
6.0e-1 4.1e0 3.4857498e-1 3.4857498e-1
7.0e-1 4.1e0 3.3751999e-1 3.3751999e-1
8.0e-1 4.1e0 3.2742004e-1 3.2742004e-1
9.0e-1 4.1e0 3.1821999e-1 3.1821999e-1
1.0e0 4.1e0 3.0976501e-1 3.0976501e-1
1.1e0 4.1e0 3.0207e-1 3.0207e-1
1.2e0 4.1e0 2.9501e-1 2.9501e-1
1.3e0 4.1e0 2.8861e-1 2.8861e-1
1.4e0 4.1e0 2.8271004e-1 2.8271004e-1
1.5e0 4.1e0 2.7731003e-1 2.7731003e-1
1.6e0 4.1e0 2.7241005e-1 2.7241005e-1
1.7e0 4.1e0 2.6793332e-1 2.6793332e-1
1.8e0 4.1e0 2.6382936e-1 2.6382936e-1
1.9e0 4.1e0 2.600786e-1 2.600786e-1
2.0e0 4.1e0 2.5665086e-1 2.5665086e-1
2.1e0 4.1e0 2.5351715e-1 2.5351715e-1
2.2e0 4.1e0 2.506541e-1 2.506541e-1
2.3e0 4.1e0 2.4803735e-1 2.4803735e-1
2.4e0 4.1e0 2.4564574e-1 2.4564574e-1
2.5e0 4.1e0 2.4345978e-1 2.4345978e-1
2.6e0 4.1e0 2.4146223e-1 2.4146223e-1
2.7e0 4.1e0 2.3963658e-1 2.3963658e-1
2.8e0 4.1e0 2.3796799e-1 2.3796799e-1
2.9e0 4.1e0 2.3644305e-1 2.3644305e-1
3.0e0 4.1e0 2.3504912e-1 2.3504912e-1
3.1e0 4.1e0 2.3377538e-1 2.3377538e-1
3.2e0 4.1e0 2.326113e-1 2.326113e-1
3.3e0 4.1e0 2.3154735e-1 2.3154735e-1
3.4e0 4.1e0 2.3057506e-1 2.3057506e-1
3.5e0 4.1e0 2.2968642e-1 2.2968642e-1
3.6e0 4.1e0 2.2887419e-1 2.2887419e-1
3.7e0 4.1e0 2.2813194e-1 2.2813194e-1
3.8e0 4.1e0 2.2745346e-1 2.2745346e-1
3.9e0 4.1e0 2.2683347e-1 2.2683347e-1
4.0e0 4.1e0 2.262668e-1 2.262668e-1
4.1e0 4.1e0 2.2574904e-1 2.2574904e-1
4.2e0 4.1e0 2.252757e-1 2.252757e-1
4.3e0 4.1e0 2.2484322e-1 2.2484322e-1
4.4e0 4.1e0 2.244479e-1 2.244479e-1
4.5e0 4.1e0 2.2408661e-1 2.2408661e-1
4.6e0 4.1e0 2.2375633e-1 2.2375633e-1
4.7e0 4.1e0 2.2345456e-1 2.2345456e-1
4.8e0 4.1e0 2.2317877e-1 2.2317877e-1
4.9e0 4.1e0 2.229267e-1 2.229267e-1
5.0e0 4.1e0 2.226963e-1 2.226963e-1

0.0e0 4.2e0 4.3179993e-1 4.3179993e-1
1.0e-1 4.2e0 4.1319496e-1 4.1319496e-1
2.0e-1 4.2e0 3.9624496e-1 3.9624496e-1
3.0e-1 4.2e0 3.8068497e-1 3.8068497e-1
4.0e-1 4.2e0 3.6653496e-1 3.6653496e-1
5.0e-1 4.2e0 3.5352493e-1 3.5352493e-1
6.0e-1 4.2e0 3.4168e-1 3.4168e-1
7.0e-1 4.2e0 3.3087494e-1 3.3087494e-1
8.0e-1 4.2e0 3.2097e-1 3.2097e-1
9.0e-1 4.2e0 3.1191498e-1 3.1191498e-1
1.0e0 4.2e0 3.0366997e-1 3.0366997e-1
1.1e0 4.2e0 2.9611496e-1 2.9611496e-1
1.2e0 4.2e0 2.8920998e-1 2.8920998e-1
1.3e0 4.2e0 2.8286499e-1 2.8286499e-1
1.4e0 4.2e0 2.7710999e-1 2.7710999e-1
1.5e0 4.2e0 2.7185997e-1 2.7185997e-1
1.6e0 4.2e0 2.6700996e-1 2.6700996e-1
1.7e0 4.2e0 2.6263942e-1 2.6263942e-1
1.8e0 4.2e0 2.5861607e-1 2.5861607e-1
1.9e0 4.2e0 2.5493954e-1 2.5493954e-1
2.0e0 4.2e0 2.5157951e-1 2.5157951e-1
2.1e0 4.2e0 2.485089e-1 2.485089e-1
2.2e0 4.2e0 2.4570186e-1 2.4570186e-1
2.3e0 4.2e0 2.4313712e-1 2.4313712e-1
2.4e0 4.2e0 2.4079297e-1 2.4079297e-1
2.5e0 4.2e0 2.3865045e-1 2.3865045e-1
2.6e0 4.2e0 2.3669221e-1 2.3669221e-1
2.7e0 4.2e0 2.3490239e-1 2.3490239e-1
2.8e0 4.2e0 2.33267e-1 2.33267e-1
2.9e0 4.2e0 2.3177222e-1 2.3177222e-1
3.0e0 4.2e0 2.3040619e-1 2.3040619e-1
3.1e0 4.2e0 2.2915749e-1 2.2915749e-1
3.2e0 4.2e0 2.2801659e-1 2.2801659e-1
3.3e0 4.2e0 2.2697365e-1 2.2697365e-1
3.4e0 4.2e0 2.2602061e-1 2.2602061e-1
3.5e0 4.2e0 2.251494e-1 2.251494e-1
3.6e0 4.2e0 2.2435333e-1 2.2435333e-1
3.7e0 4.2e0 2.2362575e-1 2.2362575e-1
3.8e0 4.2e0 2.2296078e-1 2.2296078e-1
3.9e0 4.2e0 2.2235307e-1 2.2235307e-1
4.0e0 4.2e0 2.217977e-1 2.217977e-1
4.1e0 4.2e0 2.2129008e-1 2.2129008e-1
4.2e0 4.2e0 2.2082626e-1 2.2082626e-1
4.3e0 4.2e0 2.2040218e-1 2.2040218e-1
4.4e0 4.2e0 2.2001468e-1 2.2001468e-1
4.5e0 4.2e0 2.1966055e-1 2.1966055e-1
4.6e0 4.2e0 2.193369e-1 2.193369e-1
4.7e0 4.2e0 2.1904106e-1 2.1904106e-1
4.8e0 4.2e0 2.187707e-1 2.187707e-1
4.9e0 4.2e0 2.1852364e-1 2.1852364e-1
5.0e0 4.2e0 2.1829782e-1 2.1829782e-1

0.0e0 4.3e0 4.2319e-1 4.2319e-1
1.0e-1 4.3e0 4.0498497e-1 4.0498497e-1
2.0e-1 4.3e0 3.8834e-1 3.8834e-1
3.0e-1 4.3e0 3.7313004e-1 3.7313004e-1
4.0e-1 4.3e0 3.59225e-1 3.59225e-1
5.0e-1 4.3e0 3.4652e-1 3.4652e-1
6.0e-1 4.3e0 3.34925e-1 3.34925e-1
7.0e-1 4.3e0 3.2426498e-1 3.2426498e-1
8.0e-1 4.3e0 3.1457e-1 3.1457e-1
9.0e-1 4.3e0 3.0570999e-1 3.0570999e-1
1.0e0 4.3e0 2.9761002e-1 2.9761002e-1
1.1e0 4.3e0 2.9021004e-1 2.9021004e-1
1.2e0 4.3e0 2.8345497e-1 2.8345497e-1
1.3e0 4.3e0 2.7725502e-1 2.7725502e-1
1.4e0 4.3e0 2.7161003e-1 2.7161003e-1
1.5e0 4.3e0 2.6646004e-1 2.6646004e-1
1.6e0 4.3e0 2.6170502e-1 2.6170502e-1
1.7e0 4.3e0 2.574087e-1 2.574087e-1
1.8e0 4.3e0 2.5346568e-1 2.5346568e-1
1.9e0 4.3e0 2.498615e-1 2.498615e-1
2.0e0 4.3e0 2.4656828e-1 2.4656828e-1
2.1e0 4.3e0 2.4355815e-1 2.4355815e-1
2.2e0 4.3e0 2.4080719e-1 2.4080719e-1
2.3e0 4.3e0 2.3829297e-1 2.3829297e-1
2.4e0 4.3e0 2.3599467e-1 2.3599467e-1
2.5e0 4.3e0 2.3389471e-1 2.3389471e-1
2.6e0 4.3e0 2.3197548e-1 2.3197548e-1
2.7e0 4.3e0 2.302213e-1 2.302213e-1
2.8e0 4.3e0 2.2861816e-1 2.2861816e-1
2.9e0 4.3e0 2.2715302e-1 2.2715302e-1
3.0e0 4.3e0 2.2581389e-1 2.2581389e-1
3.1e0 4.3e0 2.2459016e-1 2.2459016e-1
3.2e0 4.3e0 2.2347145e-1 2.2347145e-1
3.3e0 4.3e0 2.2244934e-1 2.2244934e-1
3.4e0 4.3e0 2.215151e-1 2.215151e-1
3.5e0 4.3e0 2.2066135e-1 2.2066135e-1
3.6e0 4.3e0 2.1988095e-1 2.1988095e-1
3.7e0 4.3e0 2.1916785e-1 2.1916785e-1
3.8e0 4.3e0 2.1851602e-1 2.1851602e-1
3.9e0 4.3e0 2.1792036e-1 2.1792036e-1
4.0e0 4.3e0 2.1737584e-1 2.1737584e-1
4.1e0 4.3e0 2.1687837e-1 2.1687837e-1
4.2e0 4.3e0 2.1642369e-1 2.1642369e-1
4.3e0 4.3e0 2.160081e-1 2.160081e-1
4.4e0 4.3e0 2.1562825e-1 2.1562825e-1
4.5e0 4.3e0 2.1528111e-1 2.1528111e-1
4.6e0 4.3e0 2.1496388e-1 2.1496388e-1
4.7e0 4.3e0 2.1467393e-1 2.1467393e-1
4.8e0 4.3e0 2.1440892e-1 2.1440892e-1
4.9e0 4.3e0 2.1416669e-1 2.1416669e-1
5.0e0 4.3e0 2.1394536e-1 2.1394536e-1

0.0e0 4.4e0 4.1488998e-1 4.1488998e-1
1.0e-1 4.4e0 3.9698997e-1 3.9698997e-1
2.0e-1 4.4e0 3.8068497e-1 3.8068497e-1
3.0e-1 4.4e0 3.6578003e-1 3.6578003e-1
4.0e-1 4.4e0 3.5212997e-1 3.5212997e-1
5.0e-1 4.4e0 3.3967003e-1 3.3967003e-1
6.0e-1 4.4e0 3.2831497e-1 3.2831497e-1
7.0e-1 4.4e0 3.1792e-1 3.1792e-1
8.0e-1 4.4e0 3.0840996e-1 3.0840996e-1
9.0e-1 4.4e0 2.9971497e-1 2.9971497e-1
1.0e0 4.4e0 2.9175499e-1 2.9175499e-1
1.1e0 4.4e0 2.8450996e-1 2.8450996e-1
1.2e0 4.4e0 2.77855e-1 2.77855e-1
1.3e0 4.4e0 2.7180496e-1 2.7180496e-1
1.4e0 4.4e0 2.6625e-1 2.6625e-1
1.5e0 4.4e0 2.6120003e-1 2.6120003e-1
1.6e0 4.4e0 2.5658049e-1 2.5658049e-1
1.7e0 4.4e0 2.5235161e-1 2.5235161e-1
1.8e0 4.4e0 2.4848633e-1 2.4848633e-1
1.9e0 4.4e0 2.449542e-1 2.449542e-1
2.0e0 4.4e0 2.4172588e-1 2.4172588e-1
2.1e0 4.4e0 2.3877498e-1 2.3877498e-1
2.2e0 4.4e0 2.3607848e-1 2.3607848e-1
2.3e0 4.4e0 2.336141e-1 2.336141e-1
2.4e0 4.4e0 2.3136186e-1 2.3136186e-1
2.5e0 4.4e0 2.2930313e-1 2.2930313e-1
2.6e0 4.4e0 2.274219e-1 2.274219e-1
2.7e0 4.4e0 2.2570259e-1 2.2570259e-1
2.8e0 4.4e0 2.2413123e-1 2.2413123e-1
2.9e0 4.4e0 2.2269473e-1 2.2269473e-1
3.0e0 4.4e0 2.2138225e-1 2.2138225e-1
3.1e0 4.4e0 2.2018274e-1 2.2018274e-1
3.2e0 4.4e0 2.1908643e-1 2.1908643e-1
3.3e0 4.4e0 2.1808438e-1 2.1808438e-1
3.4e0 4.4e0 2.1716867e-1 2.1716867e-1
3.5e0 4.4e0 2.1633185e-1 2.1633185e-1
3.6e0 4.4e0 2.1556702e-1 2.1556702e-1
3.7e0 4.4e0 2.1486784e-1 2.1486784e-1
3.8e0 4.4e0 2.1422887e-1 2.1422887e-1
3.9e0 4.4e0 2.1364505e-1 2.1364505e-1
4.0e0 4.4e0 2.1311145e-1 2.1311145e-1
4.1e0 4.4e0 2.1262367e-1 2.1262367e-1
4.2e0 4.4e0 2.1217807e-1 2.1217807e-1
4.3e0 4.4e0 2.1177072e-1 2.1177072e-1
4.4e0 4.4e0 2.113984e-1 2.113984e-1
4.5e0 4.4e0 2.1105817e-1 2.1105817e-1
4.6e0 4.4e0 2.1074715e-1 2.1074715e-1
4.7e0 4.4e0 2.1046292e-1 2.1046292e-1
4.8e0 4.4e0 2.1020319e-1 2.1020319e-1
4.9e0 4.4e0 2.0996579e-1 2.0996579e-1
5.0e0 4.4e0 2.0974881e-1 2.0974881e-1

0.0e0 4.5e0 4.0658997e-1 4.0658997e-1
1.0e-1 4.5e0 3.89085e-1 3.89085e-1
2.0e-1 4.5e0 3.73135e-1 3.73135e-1
3.0e-1 4.5e0 3.5847496e-1 3.5847496e-1
4.0e-1 4.5e0 3.4512497e-1 3.4512497e-1
5.0e-1 4.5e0 3.3292496e-1 3.3292496e-1
6.0e-1 4.5e0 3.2177002e-1 3.2177002e-1
7.0e-1 4.5e0 3.1156502e-1 3.1156502e-1
8.0e-1 4.5e0 3.0226501e-1 3.0226501e-1
9.0e-1 4.5e0 2.9370995e-1 2.9370995e-1
1.0e0 4.5e0 2.8596e-1 2.8596e-1
1.1e0 4.5e0 2.7880997e-1 2.7880997e-1
1.2e0 4.5e0 2.7230995e-1 2.7230995e-1
1.3e0 4.5e0 2.6636002e-1 2.6636002e-1
1.4e0 4.5e0 2.6096e-1 2.6096e-1
1.5e0 4.5e0 2.5600502e-1 2.5600502e-1
1.6e0 4.5e0 2.5145789e-1 2.5145789e-1
1.7e0 4.5e0 2.4731267e-1 2.4731267e-1
1.8e0 4.5e0 2.4352351e-1 2.4352351e-1
1.9e0 4.5e0 2.4006122e-1 2.4006122e-1
2.0e0 4.5e0 2.3689679e-1 2.3689679e-1
2.1e0 4.5e0 2.3400487e-1 2.3400487e-1
2.2e0 4.5e0 2.3136151e-1 2.3136151e-1
2.3e0 4.5e0 2.2894597e-1 2.2894597e-1
2.4e0 4.5e0 2.2673822e-1 2.2673822e-1
2.5e0 4.5e0 2.247206e-1 2.247206e-1
2.6e0 4.5e0 2.228762e-1 2.228762e-1
2.7e0 4.5e0 2.2119081e-1 2.2119081e-1
2.8e0 4.5e0 2.1965054e-1 2.1965054e-1
2.9e0 4.5e0 2.182429e-1 2.182429e-1
3.0e0 4.5e0 2.1695631e-1 2.1695631e-1
3.1e0 4.5e0 2.1578049e-1 2.1578049e-1
3.2e0 4.5e0 2.1470601e-1 2.1470601e-1
3.3e0 4.5e0 2.137238e-1 2.137238e-1
3.4e0 4.5e0 2.1282603e-1 2.1282603e-1
3.5e0 4.5e0 2.1200578e-1 2.1200578e-1
3.6e0 4.5e0 2.1125601e-1 2.1125601e-1
3.7e0 4.5e0 2.1057086e-1 2.1057086e-1
3.8e0 4.5e0 2.099446e-1 2.099446e-1
3.9e0 4.5e0 2.093723e-1 2.093723e-1
4.0e0 4.5e0 2.0884926e-1 2.0884926e-1
4.1e0 4.5e0 2.0837125e-1 2.0837125e-1
4.2e0 4.5e0 2.0793442e-1 2.0793442e-1
4.3e0 4.5e0 2.07535e-1 2.07535e-1
4.4e0 4.5e0 2.0717009e-1 2.0717009e-1
4.5e0 4.5e0 2.0683658e-1 2.0683658e-1
4.6e0 4.5e0 2.0653175e-1 2.0653175e-1
4.7e0 4.5e0 2.0625314e-1 2.0625314e-1
4.8e0 4.5e0 2.0599855e-1 2.0599855e-1
4.9e0 4.5e0 2.0576587e-1 2.0576587e-1
5.0e0 4.5e0 2.055532e-1 2.055532e-1

0.0e0 4.6e0 3.9858994e-1 3.9858994e-1
1.0e-1 4.6e0 3.8142998e-1 3.8142998e-1
2.0e-1 4.6e0 3.6572998e-1 3.6572998e-1
3.0e-1 4.6e0 3.5142494e-1 3.5142494e-1
4.0e-1 4.6e0 3.3832497e-1 3.3832497e-1
5.0e-1 4.6e0 3.2636993e-1 3.2636993e-1
6.0e-1 4.6e0 3.1542e-1 3.1542e-1
7.0e-1 4.6e0 3.0542e-1 3.0542e-1
8.0e-1 4.6e0 2.9626495e-1 2.9626495e-1
9.0e-1 4.6e0 2.8791e-1 2.8791e-1
1.0e0 4.6e0 2.8030998e-1 2.8030998e-1
1.1e0 4.6e0 2.7330994e-1 2.7330994e-1
1.2e0 4.6e0 2.6695999e-1 2.6695999e-1
1.3e0 4.6e0 2.6111e-1 2.6111e-1
1.4e0 4.6e0 2.5580498e-1 2.5580498e-1
1.5e0 4.6e0 2.5095497e-1 2.5095497e-1
1.6e0 4.6e0 2.4650385e-1 2.4650385e-1
1.7e0 4.6e0 2.4244086e-1 2.4244086e-1
1.8e0 4.6e0 2.3872722e-1 2.3872722e-1
1.9e0 4.6e0 2.3533313e-1 2.3533313e-1
2.0e0 4.6e0 2.3223157e-1 2.3223157e-1
2.1e0 4.6e0 2.2939676e-1 2.2939676e-1
2.2e0 4.6e0 2.2680602e-1 2.2680602e-1
2.3e0 4.6e0 2.244377e-1 2.244377e-1
2.4e0 4.6e0 2.2227386e-1 2.2227386e-1
2.5e0 4.6e0 2.2029604e-1 2.2029604e-1
2.6e0 4.6e0 2.1848866e-1 2.1848866e-1
2.7e0 4.6e0 2.1683655e-1 2.1683655e-1
2.8e0 4.6e0 2.153268e-1 2.153268e-1
2.9e0 4.6e0 2.1394705e-1 2.1394705e-1
3.0e0 4.6e0 2.1268587e-1 2.1268587e-1
3.1e0 4.6e0 2.1153317e-1 2.1153317e-1
3.2e0 4.6e0 2.1047987e-1 2.1047987e-1
3.3e0 4.6e0 2.0951723e-1 2.0951723e-1
3.4e0 4.6e0 2.0863739e-1 2.0863739e-1
3.5e0 4.6e0 2.0783328e-1 2.0783328e-1
3.6e0 4.6e0 2.0709842e-1 2.0709842e-1
3.7e0 4.6e0 2.0642682e-1 2.0642682e-1
3.8e0 4.6e0 2.0581294e-1 2.0581294e-1
3.9e0 4.6e0 2.05252e-1 2.05252e-1
4.0e0 4.6e0 2.0473921e-1 2.0473921e-1
4.1e0 4.6e0 2.0427072e-1 2.0427072e-1
4.2e0 4.6e0 2.0384247e-1 2.0384247e-1
4.3e0 4.6e0 2.0345111e-1 2.0345111e-1
4.4e0 4.6e0 2.0309334e-1 2.0309334e-1
4.5e0 4.6e0 2.0276643e-1 2.0276643e-1
4.6e0 4.6e0 2.0246765e-1 2.0246765e-1
4.7e0 4.6e0 2.021946e-1 2.021946e-1
4.8e0 4.6e0 2.0194498e-1 2.0194498e-1
4.9e0 4.6e0 2.0171692e-1 2.0171692e-1
5.0e0 4.6e0 2.0150845e-1 2.0150845e-1

0.0e0 4.7e0 3.9069e-1 3.9069e-1
1.0e-1 4.7e0 3.7389e-1 3.7389e-1
2.0e-1 4.7e0 3.5848503e-1 3.5848503e-1
3.0e-1 4.7e0 3.4447502e-1 3.4447502e-1
4.0e-1 4.7e0 3.3162003e-1 3.3162003e-1
5.0e-1 4.7e0 3.1987e-1 3.1987e-1
6.0e-1 4.7e0 3.0917e-1 3.0917e-1
7.0e-1 4.7e0 2.99365e-1 2.99365e-1
8.0e-1 4.7e0 2.9041504e-1 2.9041504e-1
9.0e-1 4.7e0 2.8221497e-1 2.8221497e-1
1.0e0 4.7e0 2.7475998e-1 2.7475998e-1
1.1e0 4.7e0 2.6791e-1 2.6791e-1
1.2e0 4.7e0 2.6166e-1 2.6166e-1
1.3e0 4.7e0 2.5595497e-1 2.5595497e-1
1.4e0 4.7e0 2.50755e-1 2.50755e-1
1.5e0 4.7e0 2.4595001e-1 2.4595001e-1
1.6e0 4.7e0 2.4161894e-1 2.4161894e-1
1.7e0 4.7e0 2.3763635e-1 2.3763635e-1
1.8e0 4.7e0 2.3399654e-1 2.3399654e-1
1.9e0 4.7e0 2.306699e-1 2.306699e-1
2.0e0 4.7e0 2.2762895e-1 2.2762895e-1
2.1e0 4.7e0 2.248504e-1 2.248504e-1
2.2e0 4.7e0 2.2231088e-1 2.2231088e-1
2.3e0 4.7e0 2.1999019e-1 2.1999019e-1
2.4e0 4.7e0 2.1786885e-1 2.1786885e-1
2.5e0 4.7e0 2.1593025e-1 2.1593025e-1
2.6e0 4.7e0 2.1415857e-1 2.1415857e-1
2.7e0 4.7e0 2.1253946e-1 2.1253946e-1
2.8e0 4.7e0 2.1105925e-1 2.1105925e-1
2.9e0 4.7e0 2.0970677e-1 2.0970677e-1
3.0e0 4.7e0 2.0847063e-1 2.0847063e-1
3.1e0 4.7e0 2.0734103e-1 2.0734103e-1
3.2e0 4.7e0 2.0630844e-1 2.0630844e-1
3.3e0 4.7e0 2.0536484e-1 2.0536484e-1
3.4e0 4.7e0 2.0450241e-1 2.0450241e-1
3.5e0 4.7e0 2.037143e-1 2.037143e-1
3.6e0 4.7e0 2.0299399e-1 2.0299399e-1
3.7e0 4.7e0 2.0233553e-1 2.0233553e-1
3.8e0 4.7e0 2.0173389e-1 2.0173389e-1
3.9e0 4.7e0 2.0118402e-1 2.0118402e-1
4.0e0 4.7e0 2.0068147e-1 2.0068147e-1
4.1e0 4.7e0 2.0022221e-1 2.0022221e-1
4.2e0 4.7e0 1.9980247e-1 1.9980247e-1
4.3e0 4.7e0 1.9941882e-1 1.9941882e-1
4.4e0 4.7e0 1.990682e-1 1.990682e-1
4.5e0 4.7e0 1.987477e-1 1.987477e-1
4.6e0 4.7e0 1.9845485e-1 1.9845485e-1
4.7e0 4.7e0 1.9818718e-1 1.9818718e-1
4.8e0 4.7e0 1.9794257e-1 1.9794257e-1
4.9e0 4.7e0 1.9771896e-1 1.9771896e-1
5.0e0 4.7e0 1.9751466e-1 1.9751466e-1

0.0e0 4.8e0 3.8298004e-1 3.8298004e-1
1.0e-1 4.8e0 3.6648003e-1 3.6648003e-1
2.0e-1 4.8e0 3.5142502e-1 3.5142502e-1
3.0e-1 4.8e0 3.3766998e-1 3.3766998e-1
4.0e-1 4.8e0 3.25065e-1 3.25065e-1
5.0e-1 4.8e0 3.1357002e-1 3.1357002e-1
6.0e-1 4.8e0 3.0306e-1 3.0306e-1
7.0e-1 4.8e0 2.9346504e-1 2.9346504e-1
8.0e-1 4.8e0 2.8466003e-1 2.8466003e-1
9.0e-1 4.8e0 2.7665504e-1 2.7665504e-1
1.0e0 4.8e0 2.693e-1 2.693e-1
1.1e0 4.8e0 2.6260506e-1 2.6260506e-1
1.2e0 4.8e0 2.5650002e-1 2.5650002e-1
1.3e0 4.8e0 2.5090004e-1 2.5090004e-1
1.4e0 4.8e0 2.4579498e-1 2.4579498e-1
1.5e0 4.8e0 2.4111974e-1 2.4111974e-1
1.6e0 4.8e0 2.368482e-1 2.368482e-1
1.7e0 4.8e0 2.3294363e-1 2.3294363e-1
1.8e0 4.8e0 2.2937584e-1 2.2937584e-1
1.9e0 4.8e0 2.2611525e-1 2.2611525e-1
2.0e0 4.8e0 2.2313522e-1 2.2313522e-1
2.1e0 4.8e0 2.2041132e-1 2.2041132e-1
2.2e0 4.8e0 2.1792204e-1 2.1792204e-1
2.3e0 4.8e0 2.1564723e-1 2.1564723e-1
2.4e0 4.8e0 2.1356816e-1 2.1356816e-1
2.5e0 4.8e0 2.1166747e-1 2.1166747e-1
2.6e0 4.8e0 2.0993077e-1 2.0993077e-1
2.7e0 4.8e0 2.0834387e-1 2.0834387e-1
2.8e0 4.8e0 2.0689319e-1 2.0689319e-1
2.9e0 4.8e0 2.0556737e-1 2.0556737e-1
3.0e0 4.8e0 2.043558e-1 2.043558e-1
3.1e0 4.8e0 2.0324846e-1 2.0324846e-1
3.2e0 4.8e0 2.0223648e-1 2.0223648e-1
3.3e0 4.8e0 2.0131154e-1 2.0131154e-1
3.4e0 4.8e0 2.004661e-1 2.004661e-1
3.5e0 4.8e0 1.9969357e-1 1.9969357e-1
3.6e0 4.8e0 1.9898749e-1 1.9898749e-1
3.7e0 4.8e0 1.9834221e-1 1.9834221e-1
3.8e0 4.8e0 1.977524e-1 1.977524e-1
3.9e0 4.8e0 1.9721341e-1 1.9721341e-1
4.0e0 4.8e0 1.967208e-1 1.967208e-1
4.1e0 4.8e0 1.962707e-1 1.962707e-1
4.2e0 4.8e0 1.9585916e-1 1.9585916e-1
4.3e0 4.8e0 1.9548314e-1 1.9548314e-1
4.4e0 4.8e0 1.9513947e-1 1.9513947e-1
4.5e0 4.8e0 1.9482538e-1 1.9482538e-1
4.6e0 4.8e0 1.9453828e-1 1.9453828e-1
4.7e0 4.8e0 1.9427592e-1 1.9427592e-1
4.8e0 4.8e0 1.9403615e-1 1.9403615e-1
4.9e0 4.8e0 1.9381702e-1 1.9381702e-1
5.0e0 4.8e0 1.936167e-1 1.936167e-1

0.0e0 4.9e0 3.7537994e-1 3.7537994e-1
1.0e-1 4.9e0 3.5922997e-1 3.5922997e-1
2.0e-1 4.9e0 3.4441994e-1 3.4441994e-1
3.0e-1 4.9e0 3.3097e-1 3.3097e-1
4.0e-1 4.9e0 3.1862e-1 3.1862e-1
5.0e-1 4.9e0 3.0736496e-1 3.0736496e-1
6.0e-1 4.9e0 2.9706497e-1 2.9706497e-1
7.0e-1 4.9e0 2.8760994e-1 2.8760994e-1
8.0e-1 4.9e0 2.7900497e-1 2.7900497e-1
9.0e-1 4.9e0 2.7115494e-1 2.7115494e-1
1.0e0 4.9e0 2.63955e-1 2.63955e-1
1.1e0 4.9e0 2.5739998e-1 2.5739998e-1
1.2e0 4.9e0 2.5140495e-1 2.5140495e-1
1.3e0 4.9e0 2.4589996e-1 2.4589996e-1
1.4e0 4.9e0 2.40895e-1 2.40895e-1
1.5e0 4.9e0 2.3633636e-1 2.3633636e-1
1.6e0 4.9e0 2.321496e-1 2.321496e-1
1.7e0 4.9e0 2.2832307e-1 2.2832307e-1
1.8e0 4.9e0 2.2482558e-1 2.2482558e-1
1.9e0 4.9e0 2.216296e-1 2.216296e-1
2.0e0 4.9e0 2.1870848e-1 2.1870848e-1
2.1e0 4.9e0 2.1603865e-1 2.1603865e-1
2.2e0 4.9e0 2.1359848e-1 2.1359848e-1
2.3e0 4.9e0 2.1136856e-1 2.1136856e-1
2.4e0 4.9e0 2.0933073e-1 2.0933073e-1
2.5e0 4.9e0 2.0746802e-1 2.0746802e-1
2.6e0 4.9e0 2.0576578e-1 2.0576578e-1
2.7e0 4.9e0 2.0420998e-1 2.0420998e-1
2.8e0 4.9e0 2.027881e-1 2.027881e-1
2.9e0 4.9e0 2.0148871e-1 2.0148871e-1
3.0e0 4.9e0 2.0030115e-1 2.0030115e-1
3.1e0 4.9e0 1.9921548e-1 1.9921548e-1
3.2e0 4.9e0 1.9822353e-1 1.9822353e-1
3.3e0 4.9e0 1.9731697e-1 1.9731697e-1
3.4e0 4.9e0 1.9648837e-1 1.9648837e-1
3.5e0 4.9e0 1.95731e-1 1.95731e-1
3.6e0 4.9e0 1.9503903e-1 1.9503903e-1
3.7e0 4.9e0 1.944065e-1 1.944065e-1
3.8e0 4.9e0 1.938284e-1 1.938284e-1
3.9e0 4.9e0 1.9329997e-1 1.9329997e-1
4.0e0 4.9e0 1.9281717e-1 1.9281717e-1
4.1e0 4.9e0 1.9237598e-1 1.9237598e-1
4.2e0 4.9e0 1.9197267e-1 1.9197267e-1
4.3e0 4.9e0 1.91604e-1 1.91604e-1
4.4e0 4.9e0 1.9126715e-1 1.9126715e-1
4.5e0 4.9e0 1.9095929e-1 1.9095929e-1
4.6e0 4.9e0 1.906779e-1 1.906779e-1
4.7e0 4.9e0 1.904207e-1 1.904207e-1
4.8e0 4.9e0 1.9018565e-1 1.9018565e-1
4.9e0 4.9e0 1.8997087e-1 1.8997087e-1
5.0e0 4.9e0 1.8977457e-1 1.8977457e-1

0.0e0 5.0e0 3.6787003e-1 3.6787003e-1
1.0e-1 5.0e0 3.5207e-1 3.5207e-1
2.0e-1 5.0e0 3.3757004e-1 3.3757004e-1
3.0e-1 5.0e0 3.2436005e-1 3.2436005e-1
4.0e-1 5.0e0 3.1225998e-1 3.1225998e-1
5.0e-1 5.0e0 3.0120499e-1 3.0120499e-1
6.0e-1 5.0e0 2.9110504e-1 2.9110504e-1
7.0e-1 5.0e0 2.8190498e-1 2.8190498e-1
8.0e-1 5.0e0 2.7345001e-1 2.7345001e-1
9.0e-1 5.0e0 2.65755e-1 2.65755e-1
1.0e0 5.0e0 2.5869499e-1 2.5869499e-1
1.1e0 5.0e0 2.52295e-1 2.52295e-1
1.2e0 5.0e0 2.4639503e-1 2.4639503e-1
1.3e0 5.0e0 2.4099503e-1 2.4099503e-1
1.4e0 5.0e0 2.3609505e-1 2.3609505e-1
1.5e0 5.0e0 2.3161832e-1 2.3161832e-1
1.6e0 5.0e0 2.2751436e-1 2.2751436e-1
1.7e0 5.0e0 2.237636e-1 2.237636e-1
1.8e0 5.0e0 2.2033586e-1 2.2033586e-1
1.9e0 5.0e0 2.1720215e-1 2.1720215e-1
2.0e0 5.0e0 2.143391e-1 2.143391e-1
2.1e0 5.0e0 2.1172235e-1 2.1172235e-1
2.2e0 5.0e0 2.0933073e-1 2.0933073e-1
2.3e0 5.0e0 2.0714478e-1 2.0714478e-1
2.4e0 5.0e0 2.0514723e-1 2.0514723e-1
2.5e0 5.0e0 2.0332158e-1 2.0332158e-1
2.6e0 5.0e0 2.0165298e-1 2.0165298e-1
2.7e0 5.0e0 2.0012805e-1 2.0012805e-1
2.8e0 5.0e0 1.9873412e-1 1.9873412e-1
2.9e0 5.0e0 1.9746037e-1 1.9746037e-1
3.0e0 5.0e0 1.962963e-1 1.962963e-1
3.1e0 5.0e0 1.9523235e-1 1.9523235e-1
3.2e0 5.0e0 1.9426006e-1 1.9426006e-1
3.3e0 5.0e0 1.9337141e-1 1.9337141e-1
3.4e0 5.0e0 1.9255919e-1 1.9255919e-1
3.5e0 5.0e0 1.9181694e-1 1.9181694e-1
3.6e0 5.0e0 1.9113846e-1 1.9113846e-1
3.7e0 5.0e0 1.9051846e-1 1.9051846e-1
3.8e0 5.0e0 1.899518e-1 1.899518e-1
3.9e0 5.0e0 1.8943404e-1 1.8943404e-1
4.0e0 5.0e0 1.889607e-1 1.889607e-1
4.1e0 5.0e0 1.8852821e-1 1.8852821e-1
4.2e0 5.0e0 1.881329e-1 1.881329e-1
4.3e0 5.0e0 1.877716e-1 1.877716e-1
4.4e0 5.0e0 1.8744133e-1 1.8744133e-1
4.5e0 5.0e0 1.8713956e-1 1.8713956e-1
4.6e0 5.0e0 1.8686377e-1 1.8686377e-1
4.7e0 5.0e0 1.866117e-1 1.866117e-1
4.8e0 5.0e0 1.863813e-1 1.863813e-1
4.9e0 5.0e0 1.8617075e-1 1.8617075e-1
5.0e0 5.0e0 1.8597833e-1 1.8597833e-1
