0.0e0 0.0e0 0.0e0 0.0e0
1.0e-1 0.0e0 4.294502e-2 4.294502e-2
2.0e-1 0.0e0 8.224998e-2 8.224998e-2
3.0e-1 0.0e0 1.1820999e-1 1.1820999e-1
4.0e-1 0.0e0 1.5112503e-1 1.5112503e-1
5.0e-1 0.0e0 1.8112999e-1 1.8112999e-1
6.0e-1 0.0e0 2.0858002e-1 2.0858002e-1
7.0e-1 0.0e0 2.3364502e-1 2.3364502e-1
8.0e-1 0.0e0 2.5658997e-1 2.5658997e-1
9.0e-1 0.0e0 2.7754997e-1 2.7754997e-1
1.0e0 0.0e0 2.9670502e-1 2.9670502e-1
1.1e0 0.0e0 3.1420998e-1 3.1420998e-1
1.2e0 0.0e0 3.3015999e-1 3.3015999e-1
1.3e0 0.0e0 3.4482002e-1 3.4482002e-1
1.4e0 0.0e0 3.5817001e-1 3.5817001e-1
1.5e0 0.0e0 3.7037003e-1 3.7037003e-1
1.6e0 0.0e0 3.8152496e-1 3.8152496e-1
1.7e0 0.0e0 3.9172997e-1 3.9172997e-1
1.8e0 0.0e0 4.0102997e-1 4.0102997e-1
1.9e0 0.0e0 4.0958504e-1 4.0958504e-1
2.0e0 0.0e0 4.1733498e-1 4.1733498e-1
2.1e0 0.0e0 4.2448502e-1 4.2448502e-1
2.2e0 0.0e0 4.3098503e-1 4.3098503e-1
2.3e0 0.0e0 4.3693497e-1 4.3693497e-1
2.4e0 0.0e0 4.4233498e-1 4.4233498e-1
2.5e0 0.0e0 4.4728996e-1 4.4728996e-1
2.6e0 0.0e0 4.518371e-1 4.518371e-1
2.7e0 0.0e0 4.5598232e-1 4.5598232e-1
2.8e0 0.0e0 4.5977147e-1 4.5977147e-1
2.9e0 0.0e0 4.6323376e-1 4.6323376e-1
3.0e0 0.0e0 4.663982e-1 4.663982e-1
3.1e0 0.0e0 4.6929012e-1 4.6929012e-1
3.2e0 0.0e0 4.7193347e-1 4.7193347e-1
3.3e0 0.0e0 4.7434901e-1 4.7434901e-1
3.4e0 0.0e0 4.7655676e-1 4.7655676e-1
3.5e0 0.0e0 4.7857439e-1 4.7857439e-1
3.6e0 0.0e0 4.8041878e-1 4.8041878e-1
3.7e0 0.0e0 4.8210417e-1 4.8210417e-1
3.8e0 0.0e0 4.8364444e-1 4.8364444e-1
3.9e0 0.0e0 4.8505208e-1 4.8505208e-1
4.0e0 0.0e0 4.8633867e-1 4.8633867e-1
4.1e0 0.0e0 4.875145e-1 4.875145e-1
4.2e0 0.0e0 4.8858897e-1 4.8858897e-1
4.3e0 0.0e0 4.8957118e-1 4.8957118e-1
4.4e0 0.0e0 4.9046895e-1 4.9046895e-1
4.5e0 0.0e0 4.912892e-1 4.912892e-1
4.6e0 0.0e0 4.9203897e-1 4.9203897e-1
4.7e0 0.0e0 4.9272412e-1 4.9272412e-1
4.8e0 0.0e0 4.9335039e-1 4.9335039e-1
4.9e0 0.0e0 4.9392268e-1 4.9392268e-1
5.0e0 0.0e0 4.9444572e-1 4.9444572e-1

0.0e0 1.0e-1 1.966998e-2 1.966998e-2
1.0e-1 1.0e-1 6.183002e-2 6.183002e-2
2.0e-1 1.0e-1 1.0038501e-1 1.0038501e-1
3.0e-1 1.0e-1 1.3564998e-1 1.3564998e-1
4.0e-1 1.0e-1 1.6785503e-1 1.6785503e-1
5.0e-1 1.0e-1 1.9726001e-1 1.9726001e-1
6.0e-1 1.0e-1 2.2417003e-1 2.2417003e-1
7.0e-1 1.0e-1 2.4877002e-1 2.4877002e-1
8.0e-1 1.0e-1 2.71235e-1 2.71235e-1
9.0e-1 1.0e-1 2.91785e-1 2.91785e-1
1.0e0 1.0e-1 3.1054004e-1 3.1054004e-1
1.1e0 1.0e-1 3.277e-1 3.277e-1
1.2e0 1.0e-1 3.434e-1 3.434e-1
1.3e0 1.0e-1 3.5770503e-1 3.5770503e-1
1.4e0 1.0e-1 3.7080501e-1 3.7080501e-1
1.5e0 1.0e-1 3.8276004e-1 3.8276004e-1
1.6e0 1.0e-1 3.9370998e-1 3.9370998e-1
1.7e0 1.0e-1 4.0370998e-1 4.0370998e-1
1.8e0 1.0e-1 4.1286502e-1 4.1286502e-1
1.9e0 1.0e-1 4.2121997e-1 4.2121997e-1
2.0e0 1.0e-1 4.2881999e-1 4.2881999e-1
2.1e0 1.0e-1 4.3582004e-1 4.3582004e-1
2.2e0 1.0e-1 4.4216998e-1 4.4216998e-1
2.3e0 1.0e-1 4.4801997e-1 4.4801997e-1
2.4e0 1.0e-1 4.53325e-1 4.53325e-1
2.5e0 1.0e-1 4.58175e-1 4.58175e-1
2.6e0 1.0e-1 4.6262613e-1 4.6262613e-1
2.7e0 1.0e-1 4.6668912e-1 4.6668912e-1
2.8e0 1.0e-1 4.7040276e-1 4.7040276e-1
2.9e0 1.0e-1 4.7379684e-1 4.7379684e-1
3.0e0 1.0e-1 4.768984e-1 4.768984e-1
3.1e0 1.0e-1 4.7973322e-1 4.7973322e-1
3.2e0 1.0e-1 4.8232396e-1 4.8232396e-1
3.3e0 1.0e-1 4.8469228e-1 4.8469228e-1
3.4e0 1.0e-1 4.8685611e-1 4.8685611e-1
3.5e0 1.0e-1 4.8883394e-1 4.8883394e-1
3.6e0 1.0e-1 4.9064131e-1 4.9064131e-1
3.7e0 1.0e-1 4.9229343e-1 4.9229343e-1
3.8e0 1.0e-1 4.9380318e-1 4.9380318e-1
3.9e0 1.0e-1 4.9518292e-1 4.9518292e-1
4.0e0 1.0e-1 4.964441e-1 4.964441e-1
4.1e0 1.0e-1 4.975968e-1 4.975968e-1
4.2e0 1.0e-1 4.986501e-1 4.986501e-1
4.3e0 1.0e-1 4.9961275e-1 4.9961275e-1
4.4e0 1.0e-1 5.0049258e-1 5.0049258e-1
4.5e0 1.0e-1 5.0129669e-1 5.0129669e-1
4.6e0 1.0e-1 5.0203156e-1 5.0203156e-1
4.7e0 1.0e-1 5.0270316e-1 5.0270316e-1
4.8e0 1.0e-1 5.0331703e-1 5.0331703e-1
4.9e0 1.0e-1 5.0387798e-1 5.0387798e-1
5.0e0 1.0e-1 5.0439076e-1 5.0439076e-1

0.0e0 2.0e-1 3.897002e-2 3.897002e-2
1.0e-1 2.0e-1 8.033003e-2 8.033003e-2
2.0e-1 2.0e-1 1.1814001e-1 1.1814001e-1
3.0e-1 2.0e-1 1.5270003e-1 1.5270003e-1
4.0e-1 2.0e-1 1.8425497e-1 1.8425497e-1
5.0e-1 2.0e-1 2.1311003e-1 2.1311003e-1
6.0e-1 2.0e-1 2.3946997e-1 2.3946997e-1
7.0e-1 2.0e-1 2.6358e-1 2.6358e-1
8.0e-1 2.0e-1 2.8563002e-1 2.8563002e-1
9.0e-1 2.0e-1 3.0574004e-1 3.0574004e-1
1.0e0 2.0e-1 3.2414e-1 3.2414e-1
1.1e0 2.0e-1 3.4094e-1 3.4094e-1
1.2e0 2.0e-1 3.5634497e-1 3.5634497e-1
1.3e0 2.0e-1 3.7035498e-1 3.7035498e-1
1.4e0 2.0e-1 3.8320998e-1 3.8320998e-1
1.5e0 2.0e-1 3.9496e-1 3.9496e-1
1.6e0 2.0e-1 4.0566e-1 4.0566e-1
1.7e0 2.0e-1 4.15465e-1 4.15465e-1
1.8e0 2.0e-1 4.2441496e-1 4.2441496e-1
1.9e0 2.0e-1 4.3261504e-1 4.3261504e-1
2.0e0 2.0e-1 4.4007002e-1 4.4007002e-1
2.1e0 2.0e-1 4.4692e-1 4.4692e-1
2.2e0 2.0e-1 4.5317e-1 4.5317e-1
2.3e0 2.0e-1 4.5887503e-1 4.5887503e-1
2.4e0 2.0e-1 4.64075e-1 4.64075e-1
2.5e0 2.0e-1 4.6887999e-1 4.6887999e-1
2.6e0 2.0e-1 4.7321106e-1 4.7321106e-1
2.7e0 2.0e-1 4.7719365e-1 4.7719365e-1
2.8e0 2.0e-1 4.8083347e-1 4.8083347e-1
2.9e0 2.0e-1 4.841601e-1 4.841601e-1
3.0e0 2.0e-1 4.8720105e-1 4.8720105e-1
3.1e0 2.0e-1 4.899796e-1 4.899796e-1
3.2e0 2.0e-1 4.9251912e-1 4.9251912e-1
3.3e0 2.0e-1 4.9483981e-1 4.9483981e-1
3.4e0 2.0e-1 4.9696115e-1 4.9696115e-1
3.5e0 2.0e-1 4.9889975e-1 4.9889975e-1
3.6e0 2.0e-1 5.0067143e-1 5.0067143e-1
3.7e0 2.0e-1 5.0229054e-1 5.0229054e-1
3.8e0 2.0e-1 5.0377075e-1 5.0377075e-1
3.9e0 2.0e-1 5.0512323e-1 5.0512323e-1
4.0e0 2.0e-1 5.0635938e-1 5.0635938e-1
4.1e0 2.0e-1 5.0748897e-1 5.0748897e-1
4.2e0 2.0e-1 5.0852156e-1 5.0852156e-1
4.3e0 2.0e-1 5.0946516e-1 5.0946516e-1
4.4e0 2.0e-1 5.1032759e-1 5.1032759e-1
4.5e0 2.0e-1 5.111157e-1 5.111157e-1
4.6e0 2.0e-1 5.1183601e-1 5.1183601e-1
4.7e0 2.0e-1 5.1249448e-1 5.1249448e-1
4.8e0 2.0e-1 5.1309612e-1 5.1309612e-1
4.9e0 2.0e-1 5.1364598e-1 5.1364598e-1
5.0e0 2.0e-1 5.1414853e-1 5.1414853e-1

0.0e0 3.0e-1 5.807004e-2 5.807004e-2
1.0e-1 3.0e-1 9.858502e-2 9.858502e-2
2.0e-1 3.0e-1 1.3564e-1 1.3564e-1
3.0e-1 3.0e-1 1.6950002e-1 1.6950002e-1
4.0e-1 3.0e-1 2.0046002e-1 2.0046002e-1
5.0e-1 3.0e-1 2.2871999e-1 2.2871999e-1
6.0e-1 3.0e-1 2.5457501e-1 2.5457501e-1
7.0e-1 3.0e-1 2.7822499e-1 2.7822499e-1
8.0e-1 3.0e-1 2.9978497e-1 2.9978497e-1
9.0e-1 3.0e-1 3.1954e-1 3.1954e-1
1.0e0 3.0e-1 3.3754498e-1 3.3754498e-1
1.1e0 3.0e-1 3.54045e-1 3.54045e-1
1.2e0 3.0e-1 3.691e-1 3.691e-1
1.3e0 3.0e-1 3.8285504e-1 3.8285504e-1
1.4e0 3.0e-1 3.9546002e-1 3.9546002e-1
1.5e0 3.0e-1 4.06955e-1 4.06955e-1
1.6e0 3.0e-1 4.1746503e-1 4.1746503e-1
1.7e0 3.0e-1 4.2705998e-1 4.2705998e-1
1.8e0 3.0e-1 4.3586499e-1 4.3586499e-1
1.9e0 3.0e-1 4.4386998e-1 4.4386998e-1
2.0e0 3.0e-1 4.5122502e-1 4.5122502e-1
2.1e0 3.0e-1 4.5791997e-1 4.5791997e-1
2.2e0 3.0e-1 4.6402501e-1 4.6402501e-1
2.3e0 3.0e-1 4.6962498e-1 4.6962498e-1
2.4e0 3.0e-1 4.7473004e-1 4.7473004e-1
2.5e0 3.0e-1 4.7940529e-1 4.7940529e-1
2.6e0 3.0e-1 4.8367682e-1 4.8367682e-1
2.7e0 3.0e-1 4.8758139e-1 4.8758139e-1
2.8e0 3.0e-1 4.9114919e-1 4.9114919e-1
2.9e0 3.0e-1 4.9440977e-1 4.9440977e-1
3.0e0 3.0e-1 4.973898e-1 4.973898e-1
3.1e0 3.0e-1 5.0011371e-1 5.0011371e-1
3.2e0 3.0e-1 5.0260298e-1 5.0260298e-1
3.3e0 3.0e-1 5.0487779e-1 5.0487779e-1
3.4e0 3.0e-1 5.0695686e-1 5.0695686e-1
3.5e0 3.0e-1 5.0885756e-1 5.0885756e-1
3.6e0 3.0e-1 5.1059425e-1 5.1059425e-1
3.7e0 3.0e-1 5.1218115e-1 5.1218115e-1
3.8e0 3.0e-1 5.1363184e-1 5.1363184e-1
3.9e0 3.0e-1 5.1495766e-1 5.1495766e-1
4.0e0 3.0e-1 5.1616922e-1 5.1616922e-1
4.1e0 3.0e-1 5.1727657e-1 5.1727657e-1
4.2e0 3.0e-1 5.1828854e-1 5.1828854e-1
4.3e0 3.0e-1 5.1921349e-1 5.1921349e-1
4.4e0 3.0e-1 5.2005893e-1 5.2005893e-1
4.5e0 3.0e-1 5.2083145e-1 5.2083145e-1
4.6e0 3.0e-1 5.2153754e-1 5.2153754e-1
4.7e0 3.0e-1 5.2218282e-1 5.2218282e-1
4.8e0 3.0e-1 5.2277263e-1 5.2277263e-1
4.9e0 3.0e-1 5.2331161e-1 5.2331161e-1
5.0e0 3.0e-1 5.2380423e-1 5.2380423e-1

0.0e0 4.0e-1 7.669003e-2 7.669003e-2
1.0e-1 4.0e-1 1.1644498e-1 1.1644498e-1
2.0e-1 4.0e-1 1.5275502e-1 1.5275502e-1
3.0e-1 4.0e-1 1.8591504e-1 1.8591504e-1
4.0e-1 4.0e-1 2.1627003e-1 2.1627003e-1
5.0e-1 4.0e-1 2.4398e-1 2.4398e-1
6.0e-1 4.0e-1 2.6933499e-1 2.6933499e-1
7.0e-1 4.0e-1 2.9248997e-1 2.9248997e-1
8.0e-1 4.0e-1 3.1364499e-1 3.1364499e-1
9.0e-1 4.0e-1 3.33e-1 3.33e-1
1.0e0 4.0e-1 3.5065503e-1 3.5065503e-1
1.1e0 4.0e-1 3.6680501e-1 3.6680501e-1
1.2e0 4.0e-1 3.8161504e-1 3.8161504e-1
1.3e0 4.0e-1 3.9506497e-1 3.9506497e-1
1.4e0 4.0e-1 4.0741498e-1 4.0741498e-1
1.5e0 4.0e-1 4.1867001e-1 4.1867001e-1
1.6e0 4.0e-1 4.2897e-1 4.2897e-1
1.7e0 4.0e-1 4.3842503e-1 4.3842503e-1
1.8e0 4.0e-1 4.4703e-1 4.4703e-1
1.9e0 4.0e-1 4.5488004e-1 4.5488004e-1
2.0e0 4.0e-1 4.6207997e-1 4.6207997e-1
2.1e0 4.0e-1 4.68635e-1 4.68635e-1
2.2e0 4.0e-1 4.7463002e-1 4.7463002e-1
2.3e0 4.0e-1 4.8013501e-1 4.8013501e-1
2.4e0 4.0e-1 4.8513997e-1 4.8513997e-1
2.5e0 4.0e-1 4.8969861e-1 4.8969861e-1
2.6e0 4.0e-1 4.9388538e-1 4.9388538e-1
2.7e0 4.0e-1 4.977119e-1 4.977119e-1
2.8e0 4.0e-1 5.012094e-1 5.012094e-1
2.9e0 4.0e-1 5.0440538e-1 5.0440538e-1
3.0e0 4.0e-1 5.0732649e-1 5.0732649e-1
3.1e0 4.0e-1 5.0999632e-1 5.0999632e-1
3.2e0 4.0e-1 5.124365e-1 5.124365e-1
3.3e0 4.0e-1 5.1466641e-1 5.1466641e-1
3.4e0 4.0e-1 5.1670424e-1 5.1670424e-1
3.5e0 4.0e-1 5.1856696e-1 5.1856696e-1
3.6e0 4.0e-1 5.202692e-1 5.202692e-1
3.7e0 4.0e-1 5.21825e-1 5.21825e-1
3.8e0 4.0e-1 5.2324687e-1 5.2324687e-1
3.9e0 4.0e-1 5.2454626e-1 5.2454626e-1
4.0e0 4.0e-1 5.2573383e-1 5.2573383e-1
4.1e0 4.0e-1 5.2681949e-1 5.2681949e-1
4.2e0 4.0e-1 5.2781145e-1 5.2781145e-1
4.3e0 4.0e-1 5.28718e-1 5.28718e-1
4.4e0 4.0e-1 5.295466e-1 5.295466e-1
4.5e0 4.0e-1 5.3030397e-1 5.3030397e-1
4.6e0 4.0e-1 5.3099594e-1 5.3099594e-1
4.7e0 4.0e-1 5.3162848e-1 5.3162848e-1
4.8e0 4.0e-1 5.3220657e-1 5.3220657e-1
4.9e0 4.0e-1 5.32735e-1 5.32735e-1
5.0e0 4.0e-1 5.332178e-1 5.332178e-1

0.0e0 5.0e-1 9.498996e-2 9.498996e-2
1.0e-1 5.0e-1 1.3395e-1 1.3395e-1
2.0e-1 5.0e-1 1.6950496e-1 1.6950496e-1
3.0e-1 5.0e-1 2.02065e-1 2.02065e-1
4.0e-1 5.0e-1 2.3177501e-1 2.3177501e-1
5.0e-1 5.0e-1 2.5897998e-1 2.5897998e-1
6.0e-1 5.0e-1 2.8378497e-1 2.8378497e-1
7.0e-1 5.0e-1 3.0648997e-1 3.0648997e-1
8.0e-1 5.0e-1 3.2724498e-1 3.2724498e-1
9.0e-1 5.0e-1 3.4619998e-1 3.4619998e-1
1.0e0 5.0e-1 3.6355998e-1 3.6355998e-1
1.1e0 5.0e-1 3.7936e-1 3.7936e-1
1.2e0 5.0e-1 3.9385997e-1 3.9385997e-1
1.3e0 5.0e-1 4.0706996e-1 4.0706996e-1
1.4e0 5.0e-1 4.1917003e-1 4.1917003e-1
1.5e0 5.0e-1 4.3022502e-1 4.3022502e-1
1.6e0 5.0e-1 4.4032497e-1 4.4032497e-1
1.7e0 5.0e-1 4.4952502e-1 4.4952502e-1
1.8e0 5.0e-1 4.5798e-1 4.5798e-1
1.9e0 5.0e-1 4.65675e-1 4.65675e-1
2.0e0 5.0e-1 4.7273502e-1 4.7273502e-1
2.1e0 5.0e-1 4.7913501e-1 4.7913501e-1
2.2e0 5.0e-1 4.8503497e-1 4.8503497e-1
2.3e0 5.0e-1 4.9043498e-1 4.9043498e-1
2.4e0 5.0e-1 4.9533496e-1 4.9533496e-1
2.5e0 5.0e-1 4.9981169e-1 4.9981169e-1
2.6e0 5.0e-1 5.0391565e-1 5.0391565e-1
2.7e0 5.0e-1 5.0766641e-1 5.0766641e-1
2.8e0 5.0e-1 5.1109415e-1 5.1109415e-1
2.9e0 5.0e-1 5.1422786e-1 5.1422786e-1
3.0e0 5.0e-1 5.1709091e-1 5.1709091e-1
3.1e0 5.0e-1 5.1970766e-1 5.1970766e-1
3.2e0 5.0e-1 5.2209927e-1 5.2209927e-1
3.3e0 5.0e-1 5.2428523e-1 5.2428523e-1
3.4e0 5.0e-1 5.2628278e-1 5.2628278e-1
3.5e0 5.0e-1 5.2810843e-1 5.2810843e-1
3.6e0 5.0e-1 5.2977702e-1 5.2977702e-1
3.7e0 5.0e-1 5.3130196e-1 5.3130196e-1
3.8e0 5.0e-1 5.3269589e-1 5.3269589e-1
3.9e0 5.0e-1 5.3396964e-1 5.3396964e-1
4.0e0 5.0e-1 5.3513371e-1 5.3513371e-1
4.1e0 5.0e-1 5.3619766e-1 5.3619766e-1
4.2e0 5.0e-1 5.3716995e-1 5.3716995e-1
4.3e0 5.0e-1 5.380586e-1 5.380586e-1
4.4e0 5.0e-1 5.3887082e-1 5.3887082e-1
4.5e0 5.0e-1 5.3961307e-1 5.3961307e-1
4.6e0 5.0e-1 5.4029155e-1 5.4029155e-1
4.7e0 5.0e-1 5.4091154e-1 5.4091154e-1
4.8e0 5.0e-1 5.4147821e-1 5.4147821e-1
4.9e0 5.0e-1 5.4199597e-1 5.4199597e-1
5.0e0 5.0e-1 5.4246931e-1 5.4246931e-1

0.0e0 6.0e-1 1.1287997e-1 1.1287997e-1
1.0e-1 6.0e-1 1.5110004e-1 1.5110004e-1
2.0e-1 6.0e-1 1.85955e-1 1.85955e-1
3.0e-1 6.0e-1 2.1786502e-1 2.1786502e-1
4.0e-1 6.0e-1 2.4697002e-1 2.4697002e-1
5.0e-1 6.0e-1 2.7362498e-1 2.7362498e-1
6.0e-1 6.0e-1 2.9798e-1 2.9798e-1
7.0e-1 6.0e-1 3.2023502e-1 3.2023502e-1
8.0e-1 6.0e-1 3.4054004e-1 3.4054004e-1
9.0e-1 6.0e-1 3.59145e-1 3.59145e-1
1.0e0 6.0e-1 3.76095e-1 3.76095e-1
1.1e0 6.0e-1 3.91655e-1 3.91655e-1
1.2e0 6.0e-1 4.0580501e-1 4.0580501e-1
1.3e0 6.0e-1 4.1881503e-1 4.1881503e-1
1.4e0 6.0e-1 4.3065997e-1 4.3065997e-1
1.5e0 6.0e-1 4.4146503e-1 4.4146503e-1
1.6e0 6.0e-1 4.5136996e-1 4.5136996e-1
1.7e0 6.0e-1 4.6042499e-1 4.6042499e-1
1.8e0 6.0e-1 4.6867e-1 4.6867e-1
1.9e0 6.0e-1 4.76225e-1 4.76225e-1
2.0e0 6.0e-1 4.8312999e-1 4.8312999e-1
2.1e0 6.0e-1 4.8947498e-1 4.8947498e-1
2.2e0 6.0e-1 4.9522998e-1 4.9522998e-1
2.3e0 6.0e-1 5.0048e-1 5.0048e-1
2.4e0 6.0e-1 5.0533e-1 5.0533e-1
2.5e0 6.0e-1 5.0970055e-1 5.0970055e-1
2.6e0 6.0e-1 5.1372389e-1 5.1372389e-1
2.7e0 6.0e-1 5.1740042e-1 5.1740042e-1
2.8e0 6.0e-1 5.2076045e-1 5.2076045e-1
2.9e0 6.0e-1 5.2383107e-1 5.2383107e-1
3.0e0 6.0e-1 5.266381e-1 5.266381e-1
3.1e0 6.0e-1 5.2920285e-1 5.2920285e-1
3.2e0 6.0e-1 5.31547e-1 5.31547e-1
3.3e0 6.0e-1 5.3368951e-1 5.3368951e-1
3.4e0 6.0e-1 5.3564775e-1 5.3564775e-1
3.5e0 6.0e-1 5.3743758e-1 5.3743758e-1
3.6e0 6.0e-1 5.3907297e-1 5.3907297e-1
3.7e0 6.0e-1 5.4056775e-1 5.4056775e-1
3.8e0 6.0e-1 5.4193378e-1 5.4193378e-1
3.9e0 6.0e-1 5.4318248e-1 5.4318248e-1
4.0e0 6.0e-1 5.4432338e-1 5.4432338e-1
4.1e0 6.0e-1 5.4536632e-1 5.4536632e-1
4.2e0 6.0e-1 5.4631935e-1 5.4631935e-1
4.3e0 6.0e-1 5.4719057e-1 5.4719057e-1
4.4e0 6.0e-1 5.4798663e-1 5.4798663e-1
4.5e0 6.0e-1 5.4871422e-1 5.4871422e-1
4.6e0 6.0e-1 5.4937918e-1 5.4937918e-1
4.7e0 6.0e-1 5.499869e-1 5.499869e-1
4.8e0 6.0e-1 5.5054227e-1 5.5054227e-1
4.9e0 6.0e-1 5.5104988e-1 5.5104988e-1
5.0e0 6.0e-1 5.515137e-1 5.515137e-1

0.0e0 7.0e-1 1.3050012e-1 1.3050012e-1
1.0e-1 7.0e-1 1.679101e-1 1.679101e-1
2.0e-1 7.0e-1 2.0211511e-1 2.0211511e-1
3.0e-1 7.0e-1 2.3337007e-1 2.3337007e-1
4.0e-1 7.0e-1 2.619301e-1 2.619301e-1
5.0e-1 7.0e-1 2.8803514e-1 2.8803514e-1
6.0e-1 7.0e-1 3.1189508e-1 3.1189508e-1
7.0e-1 7.0e-1 3.3370012e-1 3.3370012e-1
8.0e-1 7.0e-1 3.536551e-1 3.536551e-1
9.0e-1 7.0e-1 3.7186014e-1 3.7186014e-1
1.0e0 7.0e-1 3.8850511e-1 3.8850511e-1
1.1e0 7.0e-1 4.0371507e-1 4.0371507e-1
1.2e0 7.0e-1 4.176201e-1 4.176201e-1
1.3e0 7.0e-1 4.303251e-1 4.303251e-1
1.4e0 7.0e-1 4.419201e-1 4.419201e-1
1.5e0 7.0e-1 4.5258012e-1 4.5258012e-1
1.6e0 7.0e-1 4.622751e-1 4.622751e-1
1.7e0 7.0e-1 4.7113512e-1 4.7113512e-1
1.8e0 7.0e-1 4.7923509e-1 4.7923509e-1
1.9e0 7.0e-1 4.8663507e-1 4.8663507e-1
2.0e0 7.0e-1 4.9339014e-1 4.9339014e-1
2.1e0 7.0e-1 4.9959009e-1 4.9959009e-1
2.2e0 7.0e-1 5.0523508e-1 5.0523508e-1
2.3e0 7.0e-1 5.1038507e-1 5.1038507e-1
2.4e0 7.0e-1 5.1514009e-1 5.1514009e-1
2.5e0 7.0e-1 5.194364e-1 5.194364e-1
2.6e0 7.0e-1 5.2337943e-1 5.2337943e-1
2.7e0 7.0e-1 5.2698361e-1 5.2698361e-1
2.8e0 7.0e-1 5.3027682e-1 5.3027682e-1
2.9e0 7.0e-1 5.3328696e-1 5.3328696e-1
3.0e0 7.0e-1 5.3603792e-1 5.3603792e-1
3.1e0 7.0e-1 5.3855214e-1 5.3855214e-1
3.2e0 7.0e-1 5.4085043e-1 5.4085043e-1
3.3e0 7.0e-1 5.429504e-1 5.429504e-1
3.4e0 7.0e-1 5.4486963e-1 5.4486963e-1
3.5e0 7.0e-1 5.4662381e-1 5.4662381e-1
3.6e0 7.0e-1 5.4822694e-1 5.4822694e-1
3.7e0 7.0e-1 5.496921e-1 5.496921e-1
3.8e0 7.0e-1 5.5103122e-1 5.5103122e-1
3.9e0 7.0e-1 5.5225494e-1 5.5225494e-1
4.0e0 7.0e-1 5.5337366e-1 5.5337366e-1
4.1e0 7.0e-1 5.5439577e-1 5.5439577e-1
4.2e0 7.0e-1 5.5533e-1 5.5533e-1
4.3e0 7.0e-1 5.5618376e-1 5.5618376e-1
4.4e0 7.0e-1 5.5696416e-1 5.5696416e-1
4.5e0 7.0e-1 5.5767726e-1 5.5767726e-1
4.6e0 7.0e-1 5.5832909e-1 5.5832909e-1
4.7e0 7.0e-1 5.5892474e-1 5.5892474e-1
4.8e0 7.0e-1 5.5946927e-1 5.5946927e-1
4.9e0 7.0e-1 5.5996674e-1 5.5996674e-1
5.0e0 7.0e-1 5.6042142e-1 5.6042142e-1

0.0e0 8.0e-1 1.4770012e-1 1.4770012e-1
1.0e-1 8.0e-1 1.8436012e-1 1.8436012e-1
2.0e-1 8.0e-1 2.1791512e-1 2.1791512e-1
3.0e-1 8.0e-1 2.4852509e-1 2.4852509e-1
4.0e-1 8.0e-1 2.7653008e-1 2.7653008e-1
5.0e-1 8.0e-1 3.0213509e-1 3.0213509e-1
6.0e-1 8.0e-1 3.2549011e-1 3.2549011e-1
7.0e-1 8.0e-1 3.469001e-1 3.469001e-1
8.0e-1 8.0e-1 3.664051e-1 3.664051e-1
9.0e-1 8.0e-1 3.8430511e-1 3.8430511e-1
1.0e0 8.0e-1 4.0061012e-1 4.0061012e-1
1.1e0 8.0e-1 4.1551506e-1 4.1551506e-1
1.2e0 8.0e-1 4.2916512e-1 4.2916512e-1
1.3e0 8.0e-1 4.4162506e-1 4.4162506e-1
1.4e0 8.0e-1 4.5298012e-1 4.5298012e-1
1.5e0 8.0e-1 4.6337509e-1 4.6337509e-1
1.6e0 8.0e-1 4.7288513e-1 4.7288513e-1
1.7e0 8.0e-1 4.8158012e-1 4.8158012e-1
1.8e0 8.0e-1 4.895401e-1 4.895401e-1
1.9e0 8.0e-1 4.9678513e-1 4.9678513e-1
2.0e0 8.0e-1 5.034401e-1 5.034401e-1
2.1e0 8.0e-1 5.0949013e-1 5.0949013e-1
2.2e0 8.0e-1 5.1504509e-1 5.1504509e-1
2.3e0 8.0e-1 5.2009506e-1 5.2009506e-1
2.4e0 8.0e-1 5.247146e-1 5.247146e-1
2.5e0 8.0e-1 5.2894348e-1 5.2894348e-1
2.6e0 8.0e-1 5.3280876e-1 5.3280876e-1
2.7e0 8.0e-1 5.363409e-1 5.363409e-1
2.8e0 8.0e-1 5.3956921e-1 5.3956921e-1
2.9e0 8.0e-1 5.4252011e-1 5.4252011e-1
3.0e0 8.0e-1 5.4521661e-1 5.4521661e-1
3.1e0 8.0e-1 5.4768098e-1 5.4768098e-1
3.2e0 8.0e-1 5.4993323e-1 5.4993323e-1
3.3e0 8.0e-1 5.5199196e-1 5.5199196e-1
3.4e0 8.0e-1 5.5387318e-1 5.5387318e-1
3.5e0 8.0e-1 5.555925e-1 5.555925e-1
3.6e0 8.0e-1 5.5716386e-1 5.5716386e-1
3.7e0 8.0e-1 5.5860036e-1 5.5860036e-1
3.8e0 8.0e-1 5.5991284e-1 5.5991284e-1
3.9e0 8.0e-1 5.6111235e-1 5.6111235e-1
4.0e0 8.0e-1 5.6220866e-1 5.6220866e-1
4.1e0 8.0e-1 5.6321071e-1 5.6321071e-1
4.2e0 8.0e-1 5.6412642e-1 5.6412642e-1
4.3e0 8.0e-1 5.6496324e-1 5.6496324e-1
4.4e0 8.0e-1 5.6572807e-1 5.6572807e-1
4.5e0 8.0e-1 5.6642725e-1 5.6642725e-1
4.6e0 8.0e-1 5.6706622e-1 5.6706622e-1
4.7e0 8.0e-1 5.6765004e-1 5.6765004e-1
4.8e0 8.0e-1 5.6818364e-1 5.6818364e-1
4.9e0 8.0e-1 5.6867142e-1 5.6867142e-1
5.0e0 8.0e-1 5.6911702e-1 5.6911702e-1

0.0e0 9.0e-1 1.6449998e-1 1.6449998e-1
1.0e-1 9.0e-1 2.0045999e-1 2.0045999e-1
2.0e-1 9.0e-1 2.3337503e-1 2.3337503e-1
3.0e-1 9.0e-1 2.6337999e-1 2.6337999e-1
4.0e-1 9.0e-1 2.9083002e-1 2.9083002e-1
5.0e-1 9.0e-1 3.1589502e-1 3.1589502e-1
6.0e-1 9.0e-1 3.3883997e-1 3.3883997e-1
7.0e-1 9.0e-1 3.5979997e-1 3.5979997e-1
8.0e-1 9.0e-1 3.7895502e-1 3.7895502e-1
9.0e-1 9.0e-1 3.9645998e-1 3.9645998e-1
1.0e0 9.0e-1 4.1240999e-1 4.1240999e-1
1.1e0 9.0e-1 4.2707002e-1 4.2707002e-1
1.2e0 9.0e-1 4.4042001e-1 4.4042001e-1
1.3e0 9.0e-1 4.5262003e-1 4.5262003e-1
1.4e0 9.0e-1 4.6377496e-1 4.6377496e-1
1.5e0 9.0e-1 4.7397997e-1 4.7397997e-1
1.6e0 9.0e-1 4.8327997e-1 4.8327997e-1
1.7e0 9.0e-1 4.9183504e-1 4.9183504e-1
1.8e0 9.0e-1 4.9958498e-1 4.9958498e-1
1.9e0 9.0e-1 5.0673502e-1 5.0673502e-1
2.0e0 9.0e-1 5.1323503e-1 5.1323503e-1
2.1e0 9.0e-1 5.1918497e-1 5.1918497e-1
2.2e0 9.0e-1 5.2458498e-1 5.2458498e-1
2.3e0 9.0e-1 5.2953996e-1 5.2953996e-1
2.4e0 9.0e-1 5.340871e-1 5.340871e-1
2.5e0 9.0e-1 5.3823232e-1 5.3823232e-1
2.6e0 9.0e-1 5.4202147e-1 5.4202147e-1
2.7e0 9.0e-1 5.4548376e-1 5.4548376e-1
2.8e0 9.0e-1 5.486482e-1 5.486482e-1
2.9e0 9.0e-1 5.5154012e-1 5.5154012e-1
3.0e0 9.0e-1 5.5418347e-1 5.5418347e-1
3.1e0 9.0e-1 5.5659901e-1 5.5659901e-1
3.2e0 9.0e-1 5.5880676e-1 5.5880676e-1
3.3e0 9.0e-1 5.6082439e-1 5.6082439e-1
3.4e0 9.0e-1 5.6266878e-1 5.6266878e-1
3.5e0 9.0e-1 5.6435417e-1 5.6435417e-1
3.6e0 9.0e-1 5.6589444e-1 5.6589444e-1
3.7e0 9.0e-1 5.6730208e-1 5.6730208e-1
3.8e0 9.0e-1 5.6858867e-1 5.6858867e-1
3.9e0 9.0e-1 5.697645e-1 5.697645e-1
4.0e0 9.0e-1 5.7083897e-1 5.7083897e-1
4.1e0 9.0e-1 5.7182118e-1 5.7182118e-1
4.2e0 9.0e-1 5.7271895e-1 5.7271895e-1
4.3e0 9.0e-1 5.735392e-1 5.735392e-1
4.4e0 9.0e-1 5.7428897e-1 5.7428897e-1
4.5e0 9.0e-1 5.7497412e-1 5.7497412e-1
4.6e0 9.0e-1 5.7560039e-1 5.7560039e-1
4.7e0 9.0e-1 5.7617268e-1 5.7617268e-1
4.8e0 9.0e-1 5.7669572e-1 5.7669572e-1
4.9e0 9.0e-1 5.7717374e-1 5.7717374e-1
5.0e0 9.0e-1 5.7761057e-1 5.7761057e-1

0.0e0 1.0e0 1.811001e-1 1.811001e-1
1.0e-1 1.0e0 2.1636507e-1 2.1636507e-1
2.0e-1 1.0e0 2.4857011e-1 2.4857011e-1
3.0e-1 1.0e0 2.779751e-1 2.779751e-1
4.0e-1 1.0e0 3.0488512e-1 3.0488512e-1
5.0e-1 1.0e0 3.294851e-1 3.294851e-1
6.0e-1 1.0e0 3.5195009e-1 3.5195009e-1
7.0e-1 1.0e0 3.7250009e-1 3.7250009e-1
8.0e-1 1.0e0 3.9125513e-1 3.9125513e-1
9.0e-1 1.0e0 4.0841508e-1 4.0841508e-1
1.0e0 1.0e0 4.2411508e-1 4.2411508e-1
1.1e0 1.0e0 4.3842012e-1 4.3842012e-1
1.2e0 1.0e0 4.515201e-1 4.515201e-1
1.3e0 1.0e0 4.6347513e-1 4.6347513e-1
1.4e0 1.0e0 4.7442506e-1 4.7442506e-1
1.5e0 1.0e0 4.8442506e-1 4.8442506e-1
1.6e0 1.0e0 4.9358011e-1 4.9358011e-1
1.7e0 1.0e0 5.0193506e-1 5.0193506e-1
1.8e0 1.0e0 5.0953508e-1 5.0953508e-1
1.9e0 1.0e0 5.1653513e-1 5.1653513e-1
2.0e0 1.0e0 5.2288507e-1 5.2288507e-1
2.1e0 1.0e0 5.2873506e-1 5.2873506e-1
2.2e0 1.0e0 5.3404008e-1 5.3404008e-1
2.3e0 1.0e0 5.3889009e-1 5.3889009e-1
2.4e0 1.0e0 5.4334122e-1 5.4334122e-1
2.5e0 1.0e0 5.474042e-1 5.474042e-1
2.6e0 1.0e0 5.5111784e-1 5.5111784e-1
2.7e0 1.0e0 5.5451193e-1 5.5451193e-1
2.8e0 1.0e0 5.576135e-1 5.576135e-1
2.9e0 1.0e0 5.604483e-1 5.604483e-1
3.0e0 1.0e0 5.6303905e-1 5.6303905e-1
3.1e0 1.0e0 5.6540736e-1 5.6540736e-1
3.2e0 1.0e0 5.675712e-1 5.675712e-1
3.3e0 1.0e0 5.6954903e-1 5.6954903e-1
3.4e0 1.0e0 5.713564e-1 5.713564e-1
3.5e0 1.0e0 5.7300851e-1 5.7300851e-1
3.6e0 1.0e0 5.7451826e-1 5.7451826e-1
3.7e0 1.0e0 5.7589801e-1 5.7589801e-1
3.8e0 1.0e0 5.771592e-1 5.771592e-1
3.9e0 1.0e0 5.7831189e-1 5.7831189e-1
4.0e0 1.0e0 5.7936519e-1 5.7936519e-1
4.1e0 1.0e0 5.8032784e-1 5.8032784e-1
4.2e0 1.0e0 5.8120767e-1 5.8120767e-1
4.3e0 1.0e0 5.8201178e-1 5.8201178e-1
4.4e0 1.0e0 5.8274664e-1 5.8274664e-1
4.5e0 1.0e0 5.8341824e-1 5.8341824e-1
4.6e0 1.0e0 5.8403212e-1 5.8403212e-1
4.7e0 1.0e0 5.8459306e-1 5.8459306e-1
4.8e0 1.0e0 5.8510585e-1 5.8510585e-1
4.9e0 1.0e0 5.8557434e-1 5.8557434e-1
5.0e0 1.0e0 5.860026e-1 5.860026e-1

0.0e0 1.1e0 1.9731012e-1 1.9731012e-1
1.0e-1 1.1e0 2.3187013e-1 2.3187013e-1
2.0e-1 1.1e0 2.6342508e-1 2.6342508e-1
3.0e-1 1.1e0 2.9228014e-1 2.9228014e-1
4.0e-1 1.1e0 3.1864008e-1 3.1864008e-1
5.0e-1 1.1e0 3.427501e-1 3.427501e-1
6.0e-1 1.1e0 3.6480013e-1 3.6480013e-1
7.0e-1 1.1e0 3.8491014e-1 3.8491014e-1
8.0e-1 1.1e0 4.033101e-1 4.033101e-1
9.0e-1 1.1e0 4.201101e-1 4.201101e-1
1.0e0 1.1e0 4.3551508e-1 4.3551508e-1
1.1e0 1.1e0 4.4952509e-1 4.4952509e-1
1.2e0 1.1e0 4.6238008e-1 4.6238008e-1
1.3e0 1.1e0 4.7413011e-1 4.7413011e-1
1.4e0 1.1e0 4.8483011e-1 4.8483011e-1
1.5e0 1.1e0 4.946351e-1 4.946351e-1
1.6e0 1.1e0 5.0358507e-1 5.0358507e-1
1.7e0 1.1e0 5.1178514e-1 5.1178514e-1
1.8e0 1.1e0 5.1924013e-1 5.1924013e-1
1.9e0 1.1e0 5.260901e-1 5.260901e-1
2.0e0 1.1e0 5.323401e-1 5.323401e-1
2.1e0 1.1e0 5.3804514e-1 5.3804514e-1
2.2e0 1.1e0 5.432451e-1 5.432451e-1
2.3e0 1.1e0 5.480501e-1 5.480501e-1
2.4e0 1.1e0 5.5238116e-1 5.5238116e-1
2.5e0 1.1e0 5.5636375e-1 5.5636375e-1
2.6e0 1.1e0 5.6000357e-1 5.6000357e-1
2.7e0 1.1e0 5.633302e-1 5.633302e-1
2.8e0 1.1e0 5.6637115e-1 5.6637115e-1
2.9e0 1.1e0 5.691497e-1 5.691497e-1
3.0e0 1.1e0 5.7168922e-1 5.7168922e-1
3.1e0 1.1e0 5.7400992e-1 5.7400992e-1
3.2e0 1.1e0 5.7613126e-1 5.7613126e-1
3.3e0 1.1e0 5.7806985e-1 5.7806985e-1
3.4e0 1.1e0 5.7984154e-1 5.7984154e-1
3.5e0 1.1e0 5.8146065e-1 5.8146065e-1
3.6e0 1.1e0 5.8294086e-1 5.8294086e-1
3.7e0 1.1e0 5.8429333e-1 5.8429333e-1
3.8e0 1.1e0 5.8552948e-1 5.8552948e-1
3.9e0 1.1e0 5.8665907e-1 5.8665907e-1
4.0e0 1.1e0 5.8769167e-1 5.8769167e-1
4.1e0 1.1e0 5.8863527e-1 5.8863527e-1
4.2e0 1.1e0 5.894977e-1 5.894977e-1
4.3e0 1.1e0 5.9028581e-1 5.9028581e-1
4.4e0 1.1e0 5.9100612e-1 5.9100612e-1
4.5e0 1.1e0 5.9166458e-1 5.9166458e-1
4.6e0 1.1e0 5.9226622e-1 5.9226622e-1
4.7e0 1.1e0 5.9281609e-1 5.9281609e-1
4.8e0 1.1e0 5.9331863e-1 5.9331863e-1
4.9e0 1.1e0 5.937779e-1 5.937779e-1
5.0e0 1.1e0 5.9419763e-1 5.9419763e-1

0.0e0 1.2e0 2.1320999e-1 2.1320999e-1
1.0e-1 1.2e0 2.4707e-1 2.4707e-1
2.0e-1 1.2e0 2.7803001e-1 2.7803001e-1
3.0e-1 1.2e0 3.0628998e-1 3.0628998e-1
4.0e-1 1.2e0 3.32145e-1 3.32145e-1
5.0e-1 1.2e0 3.5579498e-1 3.5579498e-1
6.0e-1 1.2e0 3.7735497e-1 3.7735497e-1
7.0e-1 1.2e0 3.9710999e-1 3.9710999e-1
8.0e-1 1.2e0 4.1511497e-1 4.1511497e-1
9.0e-1 1.2e0 4.3161499e-1 4.3161499e-1
1.0e0 1.2e0 4.4667e-1 4.4667e-1
1.1e0 1.2e0 4.6042503e-1 4.6042503e-1
1.2e0 1.2e0 4.7303001e-1 4.7303001e-1
1.3e0 1.2e0 4.84525e-1 4.84525e-1
1.4e0 1.2e0 4.9503502e-1 4.9503502e-1
1.5e0 1.2e0 5.0462997e-1 5.0462997e-1
1.6e0 1.2e0 5.1343498e-1 5.1343498e-1
1.7e0 1.2e0 5.2143997e-1 5.2143997e-1
1.8e0 1.2e0 5.2879501e-1 5.2879501e-1
1.9e0 1.2e0 5.3548996e-1 5.3548996e-1
2.0e0 1.2e0 5.41595e-1 5.41595e-1
2.1e0 1.2e0 5.4719498e-1 5.4719498e-1
2.2e0 1.2e0 5.5230003e-1 5.5230003e-1
2.3e0 1.2e0 5.5697528e-1 5.5697528e-1
2.4e0 1.2e0 5.6124681e-1 5.6124681e-1
2.5e0 1.2e0 5.6515138e-1 5.6515138e-1
2.6e0 1.2e0 5.6871918e-1 5.6871918e-1
2.7e0 1.2e0 5.7197977e-1 5.7197977e-1
2.8e0 1.2e0 5.749598e-1 5.749598e-1
2.9e0 1.2e0 5.776837e-1 5.776837e-1
3.0e0 1.2e0 5.8017297e-1 5.8017297e-1
3.1e0 1.2e0 5.8244778e-1 5.8244778e-1
3.2e0 1.2e0 5.8452686e-1 5.8452686e-1
3.3e0 1.2e0 5.8642755e-1 5.8642755e-1
3.4e0 1.2e0 5.8816425e-1 5.8816425e-1
3.5e0 1.2e0 5.8975114e-1 5.8975114e-1
3.6e0 1.2e0 5.9120183e-1 5.9120183e-1
3.7e0 1.2e0 5.9252765e-1 5.9252765e-1
3.8e0 1.2e0 5.9373921e-1 5.9373921e-1
3.9e0 1.2e0 5.9484656e-1 5.9484656e-1
4.0e0 1.2e0 5.9585854e-1 5.9585854e-1
4.1e0 1.2e0 5.9678348e-1 5.9678348e-1
4.2e0 1.2e0 5.9762892e-1 5.9762892e-1
4.3e0 1.2e0 5.9840144e-1 5.9840144e-1
4.4e0 1.2e0 5.9910753e-1 5.9910753e-1
4.5e0 1.2e0 5.997528e-1 5.997528e-1
4.6e0 1.2e0 6.0034262e-1 6.0034262e-1
4.7e0 1.2e0 6.008816e-1 6.008816e-1
4.8e0 1.2e0 6.0137422e-1 6.0137422e-1
4.9e0 1.2e0 6.0182431e-1 6.0182431e-1
5.0e0 1.2e0 6.0223586e-1 6.0223586e-1

0.0e0 1.3e0 2.2882011e-1 2.2882011e-1
1.0e-1 1.3e0 2.6198013e-1 2.6198013e-1
2.0e-1 1.3e0 2.9233513e-1 2.9233513e-1
3.0e-1 1.3e0 3.2004509e-1 3.2004509e-1
4.0e-1 1.3e0 3.4540009e-1 3.4540009e-1
5.0e-1 1.3e0 3.6855507e-1 3.6855507e-1
6.0e-1 1.3e0 3.8971008e-1 3.8971008e-1
7.0e-1 1.3e0 4.090651e-1 4.090651e-1
8.0e-1 1.3e0 4.2672012e-1 4.2672012e-1
9.0e-1 1.3e0 4.428701e-1 4.428701e-1
1.0e0 1.3e0 4.5768013e-1 4.5768013e-1
1.1e0 1.3e0 4.7113007e-1 4.7113007e-1
1.2e0 1.3e0 4.8348007e-1 4.8348007e-1
1.3e0 1.3e0 4.947351e-1 4.947351e-1
1.4e0 1.3e0 5.050351e-1 5.050351e-1
1.5e0 1.3e0 5.1449013e-1 5.1449013e-1
1.6e0 1.3e0 5.230951e-1 5.230951e-1
1.7e0 1.3e0 5.3094513e-1 5.3094513e-1
1.8e0 1.3e0 5.3814507e-1 5.3814507e-1
1.9e0 1.3e0 5.4470009e-1 5.4470009e-1
2.0e0 1.3e0 5.5069511e-1 5.5069511e-1
2.1e0 1.3e0 5.562001e-1 5.562001e-1
2.2e0 1.3e0 5.6120506e-1 5.6120506e-1
2.3e0 1.3e0 5.657637e-1 5.657637e-1
2.4e0 1.3e0 5.6995047e-1 5.6995047e-1
2.5e0 1.3e0 5.73777e-1 5.73777e-1
2.6e0 1.3e0 5.7727449e-1 5.7727449e-1
2.7e0 1.3e0 5.8047047e-1 5.8047047e-1
2.8e0 1.3e0 5.8339159e-1 5.8339159e-1
2.9e0 1.3e0 5.8606142e-1 5.8606142e-1
3.0e0 1.3e0 5.8850159e-1 5.8850159e-1
3.1e0 1.3e0 5.907315e-1 5.907315e-1
3.2e0 1.3e0 5.9276933e-1 5.9276933e-1
3.3e0 1.3e0 5.9463205e-1 5.9463205e-1
3.4e0 1.3e0 5.9633429e-1 5.9633429e-1
3.5e0 1.3e0 5.9789009e-1 5.9789009e-1
3.6e0 1.3e0 5.9931197e-1 5.9931197e-1
3.7e0 1.3e0 6.0061136e-1 6.0061136e-1
3.8e0 1.3e0 6.0179892e-1 6.0179892e-1
3.9e0 1.3e0 6.0288458e-1 6.0288458e-1
4.0e0 1.3e0 6.0387654e-1 6.0387654e-1
4.1e0 1.3e0 6.047831e-1 6.047831e-1
4.2e0 1.3e0 6.056117e-1 6.056117e-1
4.3e0 1.3e0 6.0636906e-1 6.0636906e-1
4.4e0 1.3e0 6.0706104e-1 6.0706104e-1
4.5e0 1.3e0 6.0769357e-1 6.0769357e-1
4.6e0 1.3e0 6.0827167e-1 6.0827167e-1
4.7e0 1.3e0 6.088001e-1 6.088001e-1
4.8e0 1.3e0 6.092829e-1 6.092829e-1
4.9e0 1.3e0 6.0972409e-1 6.0972409e-1
5.0e0 1.3e0 6.101274e-1 6.101274e-1

0.0e0 1.4e0 2.4401996e-1 2.4401996e-1
1.0e-1 1.4e0 2.7658e-1 2.7658e-1
2.0e-1 1.4e0 3.0629001e-1 3.0629001e-1
3.0e-1 1.4e0 3.3349498e-1 3.3349498e-1
4.0e-1 1.4e0 3.5829997e-1 3.5829997e-1
5.0e-1 1.4e0 3.8100497e-1 3.8100497e-1
6.0e-1 1.4e0 4.0175998e-1 4.0175998e-1
7.0e-1 1.4e0 4.2071498e-1 4.2071498e-1
8.0e-1 1.4e0 4.3807498e-1 4.3807498e-1
9.0e-1 1.4e0 4.53875e-1 4.53875e-1
1.0e0 1.4e0 4.6837497e-1 4.6837497e-1
1.1e0 1.4e0 4.8158496e-1 4.8158496e-1
1.2e0 1.4e0 4.9368503e-1 4.9368503e-1
1.3e0 1.4e0 5.0474002e-1 5.0474002e-1
1.4e0 1.4e0 5.1483997e-1 5.1483997e-1
1.5e0 1.4e0 5.2404002e-1 5.2404002e-1
1.6e0 1.4e0 5.32495e-1 5.32495e-1
1.7e0 1.4e0 5.4019e-1 5.4019e-1
1.8e0 1.4e0 5.4725002e-1 5.4725002e-1
1.9e0 1.4e0 5.5365001e-1 5.5365001e-1
2.0e0 1.4e0 5.5954997e-1 5.5954997e-1
2.1e0 1.4e0 5.6494998e-1 5.6494998e-1
2.2e0 1.4e0 5.6984996e-1 5.6984996e-1
2.3e0 1.4e0 5.7432669e-1 5.7432669e-1
2.4e0 1.4e0 5.7843065e-1 5.7843065e-1
2.5e0 1.4e0 5.8218141e-1 5.8218141e-1
2.6e0 1.4e0 5.8560915e-1 5.8560915e-1
2.7e0 1.4e0 5.8874286e-1 5.8874286e-1
2.8e0 1.4e0 5.9160591e-1 5.9160591e-1
2.9e0 1.4e0 5.9422266e-1 5.9422266e-1
3.0e0 1.4e0 5.9661427e-1 5.9661427e-1
3.1e0 1.4e0 5.9880023e-1 5.9880023e-1
3.2e0 1.4e0 6.0079778e-1 6.0079778e-1
3.3e0 1.4e0 6.0262343e-1 6.0262343e-1
3.4e0 1.4e0 6.0429202e-1 6.0429202e-1
3.5e0 1.4e0 6.0581696e-1 6.0581696e-1
3.6e0 1.4e0 6.0721089e-1 6.0721089e-1
3.7e0 1.4e0 6.0848463e-1 6.0848463e-1
3.8e0 1.4e0 6.0964871e-1 6.0964871e-1
3.9e0 1.4e0 6.1071266e-1 6.1071266e-1
4.0e0 1.4e0 6.1168495e-1 6.1168495e-1
4.1e0 1.4e0 6.125736e-1 6.125736e-1
4.2e0 1.4e0 6.1338582e-1 6.1338582e-1
4.3e0 1.4e0 6.1412807e-1 6.1412807e-1
4.4e0 1.4e0 6.1480655e-1 6.1480655e-1
4.5e0 1.4e0 6.1542654e-1 6.1542654e-1
4.6e0 1.4e0 6.1599321e-1 6.1599321e-1
4.7e0 1.4e0 6.1651097e-1 6.1651097e-1
4.8e0 1.4e0 6.1698431e-1 6.1698431e-1
4.9e0 1.4e0 6.174168e-1 6.174168e-1
5.0e0 1.4e0 6.178121e-1 6.178121e-1

0.0e0 1.5e0 2.5903e-1 2.5903e-1
1.0e-1 1.5e0 2.9094002e-1 2.9094002e-1
2.0e-1 1.5e0 3.2004501e-1 3.2004501e-1
3.0e-1 1.5e0 3.4669998e-1 3.4669998e-1
4.0e-1 1.5e0 3.71055e-1 3.71055e-1
5.0e-1 1.5e0 3.9331001e-1 3.9331001e-1
6.0e-1 1.5e0 4.1361504e-1 4.1361504e-1
7.0e-1 1.5e0 4.3222e-1 4.3222e-1
8.0e-1 1.5e0 4.4917e-1 4.4917e-1
9.0e-1 1.5e0 4.6473e-1 4.6473e-1
1.0e0 1.5e0 4.7888e-1 4.7888e-1
1.1e0 1.5e0 4.9189003e-1 4.9189003e-1
1.2e0 1.5e0 5.0373497e-1 5.0373497e-1
1.3e0 1.5e0 5.1454002e-1 5.1454002e-1
1.4e0 1.5e0 5.2444496e-1 5.2444496e-1
1.5e0 1.5e0 5.3349998e-1 5.3349998e-1
1.6e0 1.5e0 5.41745e-1 5.41745e-1
1.7e0 1.5e0 5.493e-1 5.493e-1
1.8e0 1.5e0 5.5620499e-1 5.5620499e-1
1.9e0 1.5e0 5.6254997e-1 5.6254997e-1
2.0e0 1.5e0 5.6830498e-1 5.6830498e-1
2.1e0 1.5e0 5.73555e-1 5.73555e-1
2.2e0 1.5e0 5.78405e-1 5.78405e-1
2.3e0 1.5e0 5.8277554e-1 5.8277554e-1
2.4e0 1.5e0 5.8679889e-1 5.8679889e-1
2.5e0 1.5e0 5.9047542e-1 5.9047542e-1
2.6e0 1.5e0 5.9383545e-1 5.9383545e-1
2.7e0 1.5e0 5.9690607e-1 5.9690607e-1
2.8e0 1.5e0 5.997131e-1 5.997131e-1
2.9e0 1.5e0 6.0227785e-1 6.0227785e-1
3.0e0 1.5e0 6.04622e-1 6.04622e-1
3.1e0 1.5e0 6.0676451e-1 6.0676451e-1
3.2e0 1.5e0 6.0872275e-1 6.0872275e-1
3.3e0 1.5e0 6.1051257e-1 6.1051257e-1
3.4e0 1.5e0 6.1214796e-1 6.1214796e-1
3.5e0 1.5e0 6.1364275e-1 6.1364275e-1
3.6e0 1.5e0 6.1500877e-1 6.1500877e-1
3.7e0 1.5e0 6.1625748e-1 6.1625748e-1
3.8e0 1.5e0 6.1739838e-1 6.1739838e-1
3.9e0 1.5e0 6.1844131e-1 6.1844131e-1
4.0e0 1.5e0 6.1939435e-1 6.1939435e-1
4.1e0 1.5e0 6.2026556e-1 6.2026556e-1
4.2e0 1.5e0 6.2106163e-1 6.2106163e-1
4.3e0 1.5e0 6.2178922e-1 6.2178922e-1
4.4e0 1.5e0 6.2245418e-1 6.2245418e-1
4.5e0 1.5e0 6.2306189e-1 6.2306189e-1
4.6e0 1.5e0 6.2361726e-1 6.2361726e-1
4.7e0 1.5e0 6.2412488e-1 6.2412488e-1
4.8e0 1.5e0 6.245887e-1 6.245887e-1
4.9e0 1.5e0 6.2501279e-1 6.2501279e-1
5.0e0 1.5e0 6.2540028e-1 6.2540028e-1

0.0e0 1.6e0 2.737301e-1 2.737301e-1
1.0e-1 1.6e0 3.0498506e-1 3.0498506e-1
2.0e-1 1.6e0 3.3354509e-1 3.3354509e-1
3.0e-1 1.6e0 3.5965013e-1 3.5965013e-1
4.0e-1 1.6e0 3.8351007e-1 3.8351007e-1
5.0e-1 1.6e0 4.0531511e-1 4.0531511e-1
6.0e-1 1.6e0 4.252701e-1 4.252701e-1
7.0e-1 1.6e0 4.4347513e-1 4.4347513e-1
8.0e-1 1.6e0 4.601201e-1 4.601201e-1
9.0e-1 1.6e0 4.7533006e-1 4.7533006e-1
1.0e0 1.6e0 4.8923509e-1 4.8923509e-1
1.1e0 1.6e0 5.019401e-1 5.019401e-1
1.2e0 1.6e0 5.135351e-1 5.135351e-1
1.3e0 1.6e0 5.2419511e-1 5.2419511e-1
1.4e0 1.6e0 5.3389009e-1 5.3389009e-1
1.5e0 1.6e0 5.427501e-1 5.427501e-1
1.6e0 1.6e0 5.5085008e-1 5.5085008e-1
1.7e0 1.6e0 5.5825006e-1 5.5825006e-1
1.8e0 1.6e0 5.6500513e-1 5.6500513e-1
1.9e0 1.6e0 5.7120508e-1 5.7120508e-1
2.0e0 1.6e0 5.7685007e-1 5.7685007e-1
2.1e0 1.6e0 5.8200006e-1 5.8200006e-1
2.2e0 1.6e0 5.8675508e-1 5.8675508e-1
2.3e0 1.6e0 5.9105139e-1 5.9105139e-1
2.4e0 1.6e0 5.9499442e-1 5.9499442e-1
2.5e0 1.6e0 5.985986e-1 5.985986e-1
2.6e0 1.6e0 6.0189182e-1 6.0189182e-1
2.7e0 1.6e0 6.0490195e-1 6.0490195e-1
2.8e0 1.6e0 6.0765291e-1 6.0765291e-1
2.9e0 1.6e0 6.1016713e-1 6.1016713e-1
3.0e0 1.6e0 6.1246542e-1 6.1246542e-1
3.1e0 1.6e0 6.1456538e-1 6.1456538e-1
3.2e0 1.6e0 6.1648462e-1 6.1648462e-1
3.3e0 1.6e0 6.182388e-1 6.182388e-1
3.4e0 1.6e0 6.1984193e-1 6.1984193e-1
3.5e0 1.6e0 6.2130708e-1 6.2130708e-1
3.6e0 1.6e0 6.2264621e-1 6.2264621e-1
3.7e0 1.6e0 6.2386993e-1 6.2386993e-1
3.8e0 1.6e0 6.2498865e-1 6.2498865e-1
3.9e0 1.6e0 6.2601076e-1 6.2601076e-1
4.0e0 1.6e0 6.2694499e-1 6.2694499e-1
4.1e0 1.6e0 6.2779875e-1 6.2779875e-1
4.2e0 1.6e0 6.2857915e-1 6.2857915e-1
4.3e0 1.6e0 6.2929225e-1 6.2929225e-1
4.4e0 1.6e0 6.2994408e-1 6.2994408e-1
4.5e0 1.6e0 6.3053973e-1 6.3053973e-1
4.6e0 1.6e0 6.3108426e-1 6.3108426e-1
4.7e0 1.6e0 6.3158173e-1 6.3158173e-1
4.8e0 1.6e0 6.320364e-1 6.320364e-1
4.9e0 1.6e0 6.32452e-1 6.32452e-1
5.0e0 1.6e0 6.3283185e-1 6.3283185e-1

0.0e0 1.7e0 2.8813011e-1 2.8813011e-1
1.0e-1 1.7e0 3.1874008e-1 3.1874008e-1
2.0e-1 1.7e0 3.4674507e-1 3.4674507e-1
3.0e-1 1.7e0 3.7235008e-1 3.7235008e-1
4.0e-1 1.7e0 3.9570511e-1 3.9570511e-1
5.0e-1 1.7e0 4.171151e-1 4.171151e-1
6.0e-1 1.7e0 4.366201e-1 4.366201e-1
7.0e-1 1.7e0 4.5452011e-1 4.5452011e-1
8.0e-1 1.7e0 4.7082512e-1 4.7082512e-1
9.0e-1 1.7e0 4.8573006e-1 4.8573006e-1
1.0e0 1.7e0 4.9938011e-1 4.9938011e-1
1.1e0 1.7e0 5.1184006e-1 5.1184006e-1
1.2e0 1.7e0 5.2319511e-1 5.2319511e-1
1.3e0 1.7e0 5.3359009e-1 5.3359009e-1
1.4e0 1.7e0 5.4310013e-1 5.4310013e-1
1.5e0 1.7e0 5.5179512e-1 5.5179512e-1
1.6e0 1.7e0 5.597551e-1 5.597551e-1
1.7e0 1.7e0 5.6700012e-1 5.6700012e-1
1.8e0 1.7e0 5.7365509e-1 5.7365509e-1
1.9e0 1.7e0 5.7970512e-1 5.7970512e-1
2.0e0 1.7e0 5.8526009e-1 5.8526009e-1
2.1e0 1.7e0 5.9031006e-1 5.9031006e-1
2.2e0 1.7e0 5.949296e-1 5.949296e-1
2.3e0 1.7e0 5.9915848e-1 5.9915848e-1
2.4e0 1.7e0 6.0302376e-1 6.0302376e-1
2.5e0 1.7e0 6.065559e-1 6.065559e-1
2.6e0 1.7e0 6.0978421e-1 6.0978421e-1
2.7e0 1.7e0 6.127351e-1 6.127351e-1
2.8e0 1.7e0 6.1543161e-1 6.1543161e-1
2.9e0 1.7e0 6.1789598e-1 6.1789598e-1
3.0e0 1.7e0 6.2014822e-1 6.2014822e-1
3.1e0 1.7e0 6.2220695e-1 6.2220695e-1
3.2e0 1.7e0 6.2408818e-1 6.2408818e-1
3.3e0 1.7e0 6.258075e-1 6.258075e-1
3.4e0 1.7e0 6.2737886e-1 6.2737886e-1
3.5e0 1.7e0 6.2881535e-1 6.2881535e-1
3.6e0 1.7e0 6.3012784e-1 6.3012784e-1
3.7e0 1.7e0 6.3132735e-1 6.3132735e-1
3.8e0 1.7e0 6.3242366e-1 6.3242366e-1
3.9e0 1.7e0 6.334257e-1 6.334257e-1
4.0e0 1.7e0 6.3434142e-1 6.3434142e-1
4.1e0 1.7e0 6.3517824e-1 6.3517824e-1
4.2e0 1.7e0 6.3594307e-1 6.3594307e-1
4.3e0 1.7e0 6.3664224e-1 6.3664224e-1
4.4e0 1.7e0 6.3728122e-1 6.3728122e-1
4.5e0 1.7e0 6.3786504e-1 6.3786504e-1
4.6e0 1.7e0 6.3839864e-1 6.3839864e-1
4.7e0 1.7e0 6.3888641e-1 6.3888641e-1
4.8e0 1.7e0 6.3933202e-1 6.3933202e-1
4.9e0 1.7e0 6.3973936e-1 6.3973936e-1
5.0e0 1.7e0 6.4011168e-1 6.4011168e-1

0.0e0 1.8e0 3.0225003e-1 3.0225003e-1
1.0e-1 1.8e0 3.3225499e-1 3.3225499e-1
2.0e-1 1.8e0 3.5970502e-1 3.5970502e-1
3.0e-1 1.8e0 3.8477002e-1 3.8477002e-1
4.0e-1 1.8e0 4.0771497e-1 4.0771497e-1
5.0e-1 1.8e0 4.2867497e-1 4.2867497e-1
6.0e-1 1.8e0 4.4783002e-1 4.4783002e-1
7.0e-1 1.8e0 4.6533498e-1 4.6533498e-1
8.0e-1 1.8e0 4.8128499e-1 4.8128499e-1
9.0e-1 1.8e0 4.9594502e-1 4.9594502e-1
1.0e0 1.8e0 5.0929501e-1 5.0929501e-1
1.1e0 1.8e0 5.2149503e-1 5.2149503e-1
1.2e0 1.8e0 5.3264996e-1 5.3264996e-1
1.3e0 1.8e0 5.4285497e-1 5.4285497e-1
1.4e0 1.8e0 5.5215497e-1 5.5215497e-1
1.5e0 1.8e0 5.6071004e-1 5.6071004e-1
1.6e0 1.8e0 5.6845998e-1 5.6845998e-1
1.7e0 1.8e0 5.7561002e-1 5.7561002e-1
1.8e0 1.8e0 5.8211003e-1 5.8211003e-1
1.9e0 1.8e0 5.8805997e-1 5.8805997e-1
2.0e0 1.8e0 5.9345998e-1 5.9345998e-1
2.1e0 1.8e0 5.9841496e-1 5.9841496e-1
2.2e0 1.8e0 6.029621e-1 6.029621e-1
2.3e0 1.8e0 6.0710732e-1 6.0710732e-1
2.4e0 1.8e0 6.1089647e-1 6.1089647e-1
2.5e0 1.8e0 6.1435876e-1 6.1435876e-1
2.6e0 1.8e0 6.175232e-1 6.175232e-1
2.7e0 1.8e0 6.2041512e-1 6.2041512e-1
2.8e0 1.8e0 6.2305847e-1 6.2305847e-1
2.9e0 1.8e0 6.2547401e-1 6.2547401e-1
3.0e0 1.8e0 6.2768176e-1 6.2768176e-1
3.1e0 1.8e0 6.2969939e-1 6.2969939e-1
3.2e0 1.8e0 6.3154378e-1 6.3154378e-1
3.3e0 1.8e0 6.3322917e-1 6.3322917e-1
3.4e0 1.8e0 6.3476944e-1 6.3476944e-1
3.5e0 1.8e0 6.3617708e-1 6.3617708e-1
3.6e0 1.8e0 6.3746367e-1 6.3746367e-1
3.7e0 1.8e0 6.386395e-1 6.386395e-1
3.8e0 1.8e0 6.3971397e-1 6.3971397e-1
3.9e0 1.8e0 6.4069618e-1 6.4069618e-1
4.0e0 1.8e0 6.4159395e-1 6.4159395e-1
4.1e0 1.8e0 6.424142e-1 6.424142e-1
4.2e0 1.8e0 6.4316397e-1 6.4316397e-1
4.3e0 1.8e0 6.4384912e-1 6.4384912e-1
4.4e0 1.8e0 6.4447539e-1 6.4447539e-1
4.5e0 1.8e0 6.4504768e-1 6.4504768e-1
4.6e0 1.8e0 6.4557072e-1 6.4557072e-1
4.7e0 1.8e0 6.4604874e-1 6.4604874e-1
4.8e0 1.8e0 6.4648557e-1 6.4648557e-1
4.9e0 1.8e0 6.4688498e-1 6.4688498e-1
5.0e0 1.8e0 6.472499e-1 6.472499e-1

0.0e0 1.9e0 3.1604002e-1 3.1604002e-1
1.0e-1 1.9e0 3.45445e-1 3.45445e-1
2.0e-1 1.9e0 3.7235503e-1 3.7235503e-1
3.0e-1 1.9e0 3.9695502e-1 3.9695502e-1
4.0e-1 1.9e0 4.1942e-1 4.1942e-1
5.0e-1 1.9e0 4.3997e-1 4.3997e-1
6.0e-1 1.9e0 4.5872504e-1 4.5872504e-1
7.0e-1 1.9e0 4.75885e-1 4.75885e-1
8.0e-1 1.9e0 4.9158499e-1 4.9158499e-1
9.0e-1 1.9e0 5.0589003e-1 5.0589003e-1
1.0e0 1.9e0 5.1899e-1 5.1899e-1
1.1e0 1.9e0 5.3094504e-1 5.3094504e-1
1.2e0 1.9e0 5.4189497e-1 5.4189497e-1
1.3e0 1.9e0 5.5189497e-1 5.5189497e-1
1.4e0 1.9e0 5.6105002e-1 5.6105002e-1
1.5e0 1.9e0 5.6940497e-1 5.6940497e-1
1.6e0 1.9e0 5.7700499e-1 5.7700499e-1
1.7e0 1.9e0 5.8400504e-1 5.8400504e-1
1.8e0 1.9e0 5.9035498e-1 5.9035498e-1
1.9e0 1.9e0 5.9620497e-1 5.9620497e-1
2.0e0 1.9e0 6.0151e-1 6.0151e-1
2.1e0 1.9e0 6.0636e-1 6.0636e-1
2.2e0 1.9e0 6.1081113e-1 6.1081113e-1
2.3e0 1.9e0 6.1487411e-1 6.1487411e-1
2.4e0 1.9e0 6.1858775e-1 6.1858775e-1
2.5e0 1.9e0 6.2198184e-1 6.2198184e-1
2.6e0 1.9e0 6.250834e-1 6.250834e-1
2.7e0 1.9e0 6.2791821e-1 6.2791821e-1
2.8e0 1.9e0 6.3050896e-1 6.3050896e-1
2.9e0 1.9e0 6.3287727e-1 6.3287727e-1
3.0e0 1.9e0 6.350411e-1 6.350411e-1
3.1e0 1.9e0 6.3701894e-1 6.3701894e-1
3.2e0 1.9e0 6.3882631e-1 6.3882631e-1
3.3e0 1.9e0 6.4047842e-1 6.4047842e-1
3.4e0 1.9e0 6.4198817e-1 6.4198817e-1
3.5e0 1.9e0 6.4336792e-1 6.4336792e-1
3.6e0 1.9e0 6.446291e-1 6.446291e-1
3.7e0 1.9e0 6.457818e-1 6.457818e-1
3.8e0 1.9e0 6.468351e-1 6.468351e-1
3.9e0 1.9e0 6.4779774e-1 6.4779774e-1
4.0e0 1.9e0 6.4867758e-1 6.4867758e-1
4.1e0 1.9e0 6.4948169e-1 6.4948169e-1
4.2e0 1.9e0 6.5021655e-1 6.5021655e-1
4.3e0 1.9e0 6.5088815e-1 6.5088815e-1
4.4e0 1.9e0 6.5150203e-1 6.5150203e-1
4.5e0 1.9e0 6.5206297e-1 6.5206297e-1
4.6e0 1.9e0 6.5257576e-1 6.5257576e-1
4.7e0 1.9e0 6.5304425e-1 6.5304425e-1
4.8e0 1.9e0 6.534725e-1 6.534725e-1
4.9e0 1.9e0 6.5386386e-1 6.5386386e-1
5.0e0 1.9e0 6.5422163e-1 6.5422163e-1

0.0e0 2.0e0 3.2953998e-1 3.2953998e-1
1.0e-1 2.0e0 3.5839503e-1 3.5839503e-1
2.0e-1 2.0e0 3.8475497e-1 3.8475497e-1
3.0e-1 2.0e0 4.08865e-1 4.08865e-1
4.0e-1 2.0e0 4.3091502e-1 4.3091502e-1
5.0e-1 2.0e0 4.5102504e-1 4.5102504e-1
6.0e-1 2.0e0 4.69425e-1 4.69425e-1
7.0e-1 2.0e0 4.86225e-1 4.86225e-1
8.0e-1 2.0e0 5.0162997e-1 5.0162997e-1
9.0e-1 2.0e0 5.1563998e-1 5.1563998e-1
1.0e0 2.0e0 5.2849498e-1 5.2849498e-1
1.1e0 2.0e0 5.4024501e-1 5.4024501e-1
1.2e0 2.0e0 5.50945e-1 5.50945e-1
1.3e0 2.0e0 5.6075e-1 5.6075e-1
1.4e0 2.0e0 5.6969997e-1 5.6969997e-1
1.5e0 2.0e0 5.7790004e-1 5.7790004e-1
1.6e0 2.0e0 5.8535503e-1 5.8535503e-1
1.7e0 2.0e0 5.92205e-1 5.92205e-1
1.8e0 2.0e0 5.98455e-1 5.98455e-1
1.9e0 2.0e0 6.0416003e-1 6.0416003e-1
2.0e0 2.0e0 6.0936e-1 6.0936e-1
2.1e0 2.0e0 6.14165e-1 6.14165e-1
2.2e0 2.0e0 6.1849606e-1 6.1849606e-1
2.3e0 2.0e0 6.2247865e-1 6.2247865e-1
2.4e0 2.0e0 6.2611847e-1 6.2611847e-1
2.5e0 2.0e0 6.294451e-1 6.294451e-1
2.6e0 2.0e0 6.3248605e-1 6.3248605e-1
2.7e0 2.0e0 6.352646e-1 6.352646e-1
2.8e0 2.0e0 6.3780412e-1 6.3780412e-1
2.9e0 2.0e0 6.4012482e-1 6.4012482e-1
3.0e0 2.0e0 6.4224615e-1 6.4224615e-1
3.1e0 2.0e0 6.4418475e-1 6.4418475e-1
3.2e0 2.0e0 6.4595644e-1 6.4595644e-1
3.3e0 2.0e0 6.4757555e-1 6.4757555e-1
3.4e0 2.0e0 6.4905576e-1 6.4905576e-1
3.5e0 2.0e0 6.5040823e-1 6.5040823e-1
3.6e0 2.0e0 6.5164438e-1 6.5164438e-1
3.7e0 2.0e0 6.5277397e-1 6.5277397e-1
3.8e0 2.0e0 6.5380656e-1 6.5380656e-1
3.9e0 2.0e0 6.5475017e-1 6.5475017e-1
4.0e0 2.0e0 6.556126e-1 6.556126e-1
4.1e0 2.0e0 6.5640071e-1 6.5640071e-1
4.2e0 2.0e0 6.5712102e-1 6.5712102e-1
4.3e0 2.0e0 6.5777948e-1 6.5777948e-1
4.4e0 2.0e0 6.5838112e-1 6.5838112e-1
4.5e0 2.0e0 6.5893098e-1 6.5893098e-1
4.6e0 2.0e0 6.5943353e-1 6.5943353e-1
4.7e0 2.0e0 6.5989279e-1 6.5989279e-1
4.8e0 2.0e0 6.6031253e-1 6.6031253e-1
4.9e0 2.0e0 6.6069618e-1 6.6069618e-1
5.0e0 2.0e0 6.610468e-1 6.610468e-1

0.0e0 2.1e0 3.4285002e-1 3.4285002e-1
1.0e-1 2.1e0 3.7110999e-1 3.7110999e-1
2.0e-1 2.1e0 3.9696501e-1 3.9696501e-1
3.0e-1 2.1e0 4.2061499e-1 4.2061499e-1
4.0e-1 2.1e0 4.4217497e-1 4.4217497e-1
5.0e-1 2.1e0 4.6193e-1 4.6193e-1
6.0e-1 2.1e0 4.7993498e-1 4.7993498e-1
7.0e-1 2.1e0 4.96435e-1 4.96435e-1
8.0e-1 2.1e0 5.1149e-1 5.1149e-1
9.0e-1 2.1e0 5.2524504e-1 5.2524504e-1
1.0e0 2.1e0 5.3785002e-1 5.3785002e-1
1.1e0 2.1e0 5.49345e-1 5.49345e-1
1.2e0 2.1e0 5.5985503e-1 5.5985503e-1
1.3e0 2.1e0 5.6944998e-1 5.6944998e-1
1.4e0 2.1e0 5.7825499e-1 5.7825499e-1
1.5e0 2.1e0 5.8625998e-1 5.8625998e-1
1.6e0 2.1e0 5.9361502e-1 5.9361502e-1
1.7e0 2.1e0 6.0030997e-1 6.0030997e-1
1.8e0 2.1e0 6.0641501e-1 6.0641501e-1
1.9e0 2.1e0 6.1201498e-1 6.1201498e-1
2.0e0 2.1e0 6.1712004e-1 6.1712004e-1
2.1e0 2.1e0 6.2179529e-1 6.2179529e-1
2.2e0 2.1e0 6.2606682e-1 6.2606682e-1
2.3e0 2.1e0 6.2997139e-1 6.2997139e-1
2.4e0 2.1e0 6.3353918e-1 6.3353918e-1
2.5e0 2.1e0 6.3679977e-1 6.3679977e-1
2.6e0 2.1e0 6.397798e-1 6.397798e-1
2.7e0 2.1e0 6.4250371e-1 6.4250371e-1
2.8e0 2.1e0 6.4499298e-1 6.4499298e-1
2.9e0 2.1e0 6.4726779e-1 6.4726779e-1
3.0e0 2.1e0 6.4934686e-1 6.4934686e-1
3.1e0 2.1e0 6.5124756e-1 6.5124756e-1
3.2e0 2.1e0 6.5298425e-1 6.5298425e-1
3.3e0 2.1e0 6.5457115e-1 6.5457115e-1
3.4e0 2.1e0 6.5602184e-1 6.5602184e-1
3.5e0 2.1e0 6.5734766e-1 6.5734766e-1
3.6e0 2.1e0 6.5855922e-1 6.5855922e-1
3.7e0 2.1e0 6.5966656e-1 6.5966656e-1
3.8e0 2.1e0 6.6067854e-1 6.6067854e-1
3.9e0 2.1e0 6.6160349e-1 6.6160349e-1
4.0e0 2.1e0 6.6244893e-1 6.6244893e-1
4.1e0 2.1e0 6.6322145e-1 6.6322145e-1
4.2e0 2.1e0 6.6392754e-1 6.6392754e-1
4.3e0 2.1e0 6.6457281e-1 6.6457281e-1
4.4e0 2.1e0 6.6516263e-1 6.6516263e-1
4.5e0 2.1e0 6.6570161e-1 6.6570161e-1
4.6e0 2.1e0 6.6619423e-1 6.6619423e-1
4.7e0 2.1e0 6.6664432e-1 6.6664432e-1
4.8e0 2.1e0 6.6705586e-1 6.6705586e-1
4.9e0 2.1e0 6.6743188e-1 6.6743188e-1
5.0e0 2.1e0 6.6777556e-1 6.6777556e-1

0.0e0 2.2e0 3.5585013e-1 3.5585013e-1
1.0e-1 2.2e0 3.8356009e-1 3.8356009e-1
2.0e-1 2.2e0 4.0891508e-1 4.0891508e-1
3.0e-1 2.2e0 4.3207007e-1 4.3207007e-1
4.0e-1 2.2e0 4.5322508e-1 4.5322508e-1
5.0e-1 2.2e0 4.725801e-1 4.725801e-1
6.0e-1 2.2e0 4.9023512e-1 4.9023512e-1
7.0e-1 2.2e0 5.063851e-1 5.063851e-1
8.0e-1 2.2e0 5.2119513e-1 5.2119513e-1
9.0e-1 2.2e0 5.3464507e-1 5.3464507e-1
1.0e0 2.2e0 5.4699507e-1 5.4699507e-1
1.1e0 2.2e0 5.582501e-1 5.582501e-1
1.2e0 2.2e0 5.685501e-1 5.685501e-1
1.3e0 2.2e0 5.7800513e-1 5.7800513e-1
1.4e0 2.2e0 5.8661009e-1 5.8661009e-1
1.5e0 2.2e0 5.9446013e-1 5.9446013e-1
1.6e0 2.2e0 6.0166006e-1 6.0166006e-1
1.7e0 2.2e0 6.0821509e-1 6.0821509e-1
1.8e0 2.2e0 6.1421011e-1 6.1421011e-1
1.9e0 2.2e0 6.197151e-1 6.197151e-1
2.0e0 2.2e0 6.2472006e-1 6.2472006e-1
2.1e0 2.2e0 6.292787e-1 6.292787e-1
2.2e0 2.2e0 6.3346547e-1 6.3346547e-1
2.3e0 2.2e0 6.3729199e-1 6.3729199e-1
2.4e0 2.2e0 6.4078949e-1 6.4078949e-1
2.5e0 2.2e0 6.4398547e-1 6.4398547e-1
2.6e0 2.2e0 6.4690659e-1 6.4690659e-1
2.7e0 2.2e0 6.4957642e-1 6.4957642e-1
2.8e0 2.2e0 6.5201659e-1 6.5201659e-1
2.9e0 2.2e0 6.542465e-1 6.542465e-1
3.0e0 2.2e0 6.5628433e-1 6.5628433e-1
3.1e0 2.2e0 6.5814705e-1 6.5814705e-1
3.2e0 2.2e0 6.5984929e-1 6.5984929e-1
3.3e0 2.2e0 6.6140509e-1 6.6140509e-1
3.4e0 2.2e0 6.6282697e-1 6.6282697e-1
3.5e0 2.2e0 6.6412636e-1 6.6412636e-1
3.6e0 2.2e0 6.6531392e-1 6.6531392e-1
3.7e0 2.2e0 6.6639958e-1 6.6639958e-1
3.8e0 2.2e0 6.6739154e-1 6.6739154e-1
3.9e0 2.2e0 6.682981e-1 6.682981e-1
4.0e0 2.2e0 6.691267e-1 6.691267e-1
4.1e0 2.2e0 6.6988406e-1 6.6988406e-1
4.2e0 2.2e0 6.7057603e-1 6.7057603e-1
4.3e0 2.2e0 6.7120857e-1 6.7120857e-1
4.4e0 2.2e0 6.7178667e-1 6.7178667e-1
4.5e0 2.2e0 6.723151e-1 6.723151e-1
4.6e0 2.2e0 6.727979e-1 6.727979e-1
4.7e0 2.2e0 6.7323909e-1 6.7323909e-1
4.8e0 2.2e0 6.736424e-1 6.736424e-1
4.9e0 2.2e0 6.7401106e-1 6.7401106e-1
5.0e0 2.2e0 6.7434792e-1 6.7434792e-1

0.0e0 2.3e0 3.6856012e-1 3.6856012e-1
1.0e-1 2.3e0 3.9576509e-1 3.9576509e-1
2.0e-1 2.3e0 4.2057008e-1 4.2057008e-1
3.0e-1 2.3e0 4.4327509e-1 4.4327509e-1
4.0e-1 2.3e0 4.6403009e-1 4.6403009e-1
5.0e-1 2.3e0 4.8298509e-1 4.8298509e-1
6.0e-1 2.3e0 5.003451e-1 5.003451e-1
7.0e-1 2.3e0 5.1614511e-1 5.1614511e-1
8.0e-1 2.3e0 5.3064508e-1 5.3064508e-1
9.0e-1 2.3e0 5.4385507e-1 5.4385507e-1
1.0e0 2.3e0 5.5595514e-1 5.5595514e-1
1.1e0 2.3e0 5.6701013e-1 5.6701013e-1
1.2e0 2.3e0 5.7711008e-1 5.7711008e-1
1.3e0 2.3e0 5.8631013e-1 5.8631013e-1
1.4e0 2.3e0 5.947651e-1 5.947651e-1
1.5e0 2.3e0 6.0246011e-1 6.0246011e-1
1.6e0 2.3e0 6.0952013e-1 6.0952013e-1
1.7e0 2.3e0 6.1592012e-1 6.1592012e-1
1.8e0 2.3e0 6.2182008e-1 6.2182008e-1
1.9e0 2.3e0 6.272201e-1 6.272201e-1
2.0e0 2.3e0 6.3212007e-1 6.3212007e-1
2.1e0 2.3e0 6.365968e-1 6.365968e-1
2.2e0 2.3e0 6.4070076e-1 6.4070076e-1
2.3e0 2.3e0 6.4445152e-1 6.4445152e-1
2.4e0 2.3e0 6.4787926e-1 6.4787926e-1
2.5e0 2.3e0 6.5101297e-1 6.5101297e-1
2.6e0 2.3e0 6.5387602e-1 6.5387602e-1
2.7e0 2.3e0 6.5649277e-1 6.5649277e-1
2.8e0 2.3e0 6.5888438e-1 6.5888438e-1
2.9e0 2.3e0 6.6107034e-1 6.6107034e-1
3.0e0 2.3e0 6.6306789e-1 6.6306789e-1
3.1e0 2.3e0 6.6489354e-1 6.6489354e-1
3.2e0 2.3e0 6.6656213e-1 6.6656213e-1
3.3e0 2.3e0 6.6808707e-1 6.6808707e-1
3.4e0 2.3e0 6.69481e-1 6.69481e-1
3.5e0 2.3e0 6.7075475e-1 6.7075475e-1
3.6e0 2.3e0 6.7191882e-1 6.7191882e-1
3.7e0 2.3e0 6.7298277e-1 6.7298277e-1
3.8e0 2.3e0 6.7395506e-1 6.7395506e-1
3.9e0 2.3e0 6.748437e-1 6.748437e-1
4.0e0 2.3e0 6.7565593e-1 6.7565593e-1
4.1e0 2.3e0 6.7639818e-1 6.7639818e-1
4.2e0 2.3e0 6.7707666e-1 6.7707666e-1
4.3e0 2.3e0 6.7769666e-1 6.7769666e-1
4.4e0 2.3e0 6.7826332e-1 6.7826332e-1
4.5e0 2.3e0 6.7878108e-1 6.7878108e-1
4.6e0 2.3e0 6.7925443e-1 6.7925443e-1
4.7e0 2.3e0 6.796869e-1 6.796869e-1
4.8e0 2.3e0 6.8008221e-1 6.8008221e-1
4.9e0 2.3e0 6.8044351e-1 6.8044351e-1
5.0e0 2.3e0 6.8077379e-1 6.8077379e-1

0.0e0 2.4e0 3.8106012e-1 3.8106012e-1
1.0e-1 2.4e0 4.0771509e-1 4.0771509e-1
2.0e-1 2.4e0 4.320701e-1 4.320701e-1
3.0e-1 2.4e0 4.5432512e-1 4.5432512e-1
4.0e-1 2.4e0 4.7463014e-1 4.7463014e-1
5.0e-1 2.4e0 4.932351e-1 4.932351e-1
6.0e-1 2.4e0 5.101851e-1 5.101851e-1
7.0e-1 2.4e0 5.257451e-1 5.257451e-1
8.0e-1 2.4e0 5.3989511e-1 5.3989511e-1
9.0e-1 2.4e0 5.5290514e-1 5.5290514e-1
1.0e0 2.4e0 5.6475008e-1 5.6475008e-1
1.1e0 2.4e0 5.7555513e-1 5.7555513e-1
1.2e0 2.4e0 5.8546007e-1 5.8546007e-1
1.3e0 2.4e0 5.9451509e-1 5.9451509e-1
1.4e0 2.4e0 6.027601e-1 6.027601e-1
1.5e0 2.4e0 6.1031511e-1 6.1031511e-1
1.6e0 2.4e0 6.172201e-1 6.172201e-1
1.7e0 2.4e0 6.2356508e-1 6.2356508e-1
1.8e0 2.4e0 6.2932008e-1 6.2932008e-1
1.9e0 2.4e0 6.345701e-1 6.345701e-1
2.0e0 2.4e0 6.394201e-1 6.394201e-1
2.1e0 2.4e0 6.4379065e-1 6.4379065e-1
2.2e0 2.4e0 6.47814e-1 6.47814e-1
2.3e0 2.4e0 6.5149052e-1 6.5149052e-1
2.4e0 2.4e0 6.5485056e-1 6.5485056e-1
2.5e0 2.4e0 6.5792117e-1 6.5792117e-1
2.6e0 2.4e0 6.6072821e-1 6.6072821e-1
2.7e0 2.4e0 6.6329295e-1 6.6329295e-1
2.8e0 2.4e0 6.656371e-1 6.656371e-1
2.9e0 2.4e0 6.6777962e-1 6.6777962e-1
3.0e0 2.4e0 6.6973785e-1 6.6973785e-1
3.1e0 2.4e0 6.7152768e-1 6.7152768e-1
3.2e0 2.4e0 6.7316307e-1 6.7316307e-1
3.3e0 2.4e0 6.7465785e-1 6.7465785e-1
3.4e0 2.4e0 6.7602388e-1 6.7602388e-1
3.5e0 2.4e0 6.7727258e-1 6.7727258e-1
3.6e0 2.4e0 6.7841348e-1 6.7841348e-1
3.7e0 2.4e0 6.7945642e-1 6.7945642e-1
3.8e0 2.4e0 6.8040945e-1 6.8040945e-1
3.9e0 2.4e0 6.8128067e-1 6.8128067e-1
4.0e0 2.4e0 6.8207674e-1 6.8207674e-1
4.1e0 2.4e0 6.8280432e-1 6.8280432e-1
4.2e0 2.4e0 6.8346928e-1 6.8346928e-1
4.3e0 2.4e0 6.84077e-1 6.84077e-1
4.4e0 2.4e0 6.8463237e-1 6.8463237e-1
4.5e0 2.4e0 6.8513998e-1 6.8513998e-1
4.6e0 2.4e0 6.856038e-1 6.856038e-1
4.7e0 2.4e0 6.860279e-1 6.860279e-1
4.8e0 2.4e0 6.8641539e-1 6.8641539e-1
4.9e0 2.4e0 6.8676952e-1 6.8676952e-1
5.0e0 2.4e0 6.8709317e-1 6.8709317e-1

0.0e0 2.5e0 3.9335999e-1 3.9335999e-1
1.0e-1 2.5e0 4.1946503e-1 4.1946503e-1
2.0e-1 2.5e0 4.4332497e-1 4.4332497e-1
3.0e-1 2.5e0 4.6513e-1 4.6513e-1
4.0e-1 2.5e0 4.8508499e-1 4.8508499e-1
5.0e-1 2.5e0 5.0329002e-1 5.0329002e-1
6.0e-1 2.5e0 5.19935e-1 5.19935e-1
7.0e-1 2.5e0 5.3514496e-1 5.3514496e-1
8.0e-1 2.5e0 5.4904999e-1 5.4904999e-1
9.0e-1 2.5e0 5.6175499e-1 5.6175499e-1
1.0e0 2.5e0 5.7334999e-1 5.7334999e-1
1.1e0 2.5e0 5.8401001e-1 5.8401001e-1
1.2e0 2.5e0 5.9370499e-1 5.9370499e-1
1.3e0 2.5e0 6.02565e-1 6.02565e-1
1.4e0 2.5e0 6.1066498e-1 6.1066498e-1
1.5e0 2.5e0 6.1806496e-1 6.1806496e-1
1.6e0 2.5e0 6.2482002e-1 6.2482002e-1
1.7e0 2.5e0 6.3101997e-1 6.3101997e-1
1.8e0 2.5e0 6.3666496e-1 6.3666496e-1
1.9e0 2.5e0 6.4181496e-1 6.4181496e-1
2.0e0 2.5e0 6.4656998e-1 6.4656998e-1
2.1e0 2.5e0 6.5086629e-1 6.5086629e-1
2.2e0 2.5e0 6.5480931e-1 6.5480931e-1
2.3e0 2.5e0 6.584135e-1 6.584135e-1
2.4e0 2.5e0 6.6170671e-1 6.6170671e-1
2.5e0 2.5e0 6.6471684e-1 6.6471684e-1
2.6e0 2.5e0 6.674678e-1 6.674678e-1
2.7e0 2.5e0 6.6998203e-1 6.6998203e-1
2.8e0 2.5e0 6.7228032e-1 6.7228032e-1
2.9e0 2.5e0 6.7438028e-1 6.7438028e-1
3.0e0 2.5e0 6.7629951e-1 6.7629951e-1
3.1e0 2.5e0 6.780537e-1 6.780537e-1
3.2e0 2.5e0 6.7965683e-1 6.7965683e-1
3.3e0 2.5e0 6.8112198e-1 6.8112198e-1
3.4e0 2.5e0 6.824611e-1 6.824611e-1
3.5e0 2.5e0 6.8368483e-1 6.8368483e-1
3.6e0 2.5e0 6.8480354e-1 6.8480354e-1
3.7e0 2.5e0 6.8582565e-1 6.8582565e-1
3.8e0 2.5e0 6.8675989e-1 6.8675989e-1
3.9e0 2.5e0 6.8761365e-1 6.8761365e-1
4.0e0 2.5e0 6.8839404e-1 6.8839404e-1
4.1e0 2.5e0 6.8910715e-1 6.8910715e-1
4.2e0 2.5e0 6.8975897e-1 6.8975897e-1
4.3e0 2.5e0 6.9035463e-1 6.9035463e-1
4.4e0 2.5e0 6.9089915e-1 6.9089915e-1
4.5e0 2.5e0 6.9139662e-1 6.9139662e-1
4.6e0 2.5e0 6.918513e-1 6.918513e-1
4.7e0 2.5e0 6.9226689e-1 6.9226689e-1
4.8e0 2.5e0 6.9264674e-1 6.9264674e-1
4.9e0 2.5e0 6.9299388e-1 6.9299388e-1
5.0e0 2.5e0 6.9331111e-1 6.9331111e-1

0.0e0 2.6e0 4.0535997e-1 4.0535997e-1
1.0e-1 2.6e0 4.3096498e-1 4.3096498e-1
2.0e-1 2.6e0 4.5432e-1 4.5432e-1
3.0e-1 2.6e0 4.7573e-1 4.7573e-1
4.0e-1 2.6e0 4.95235e-1 4.95235e-1
5.0e-1 2.6e0 5.1313501e-1 5.1313501e-1
6.0e-1 2.6e0 5.2944002e-1 5.2944002e-1
7.0e-1 2.6e0 5.4434496e-1 5.4434496e-1
8.0e-1 2.6e0 5.5799501e-1 5.5799501e-1
9.0e-1 2.6e0 5.7045496e-1 5.7045496e-1
1.0e0 2.6e0 5.8181001e-1 5.8181001e-1
1.1e0 2.6e0 5.9220499e-1 5.9220499e-1
1.2e0 2.6e0 6.0171503e-1 6.0171503e-1
1.3e0 2.6e0 6.1041002e-1 6.1041002e-1
1.4e0 2.6e0 6.1837e-1 6.1837e-1
1.5e0 2.6e0 6.2561502e-1 6.2561502e-1
1.6e0 2.6e0 6.3226999e-1 6.3226999e-1
1.7e0 2.6e0 6.3832002e-1 6.3832002e-1
1.8e0 2.6e0 6.4387498e-1 6.4387498e-1
1.9e0 2.6e0 6.4892496e-1 6.4892496e-1
2.0e0 2.6e0 6.535445e-1 6.535445e-1
2.1e0 2.6e0 6.5777338e-1 6.5777338e-1
2.2e0 2.6e0 6.6163866e-1 6.6163866e-1
2.3e0 2.6e0 6.6517079e-1 6.6517079e-1
2.4e0 2.6e0 6.6839911e-1 6.6839911e-1
2.5e0 2.6e0 6.7135e-1 6.7135e-1
2.6e0 2.6e0 6.7404651e-1 6.7404651e-1
2.7e0 2.6e0 6.7651088e-1 6.7651088e-1
2.8e0 2.6e0 6.7876312e-1 6.7876312e-1
2.9e0 2.6e0 6.8082185e-1 6.8082185e-1
3.0e0 2.6e0 6.8270308e-1 6.8270308e-1
3.1e0 2.6e0 6.844224e-1 6.844224e-1
3.2e0 2.6e0 6.8599376e-1 6.8599376e-1
3.3e0 2.6e0 6.8743025e-1 6.8743025e-1
3.4e0 2.6e0 6.8874274e-1 6.8874274e-1
3.5e0 2.6e0 6.8994225e-1 6.8994225e-1
3.6e0 2.6e0 6.9103856e-1 6.9103856e-1
3.7e0 2.6e0 6.920406e-1 6.920406e-1
3.8e0 2.6e0 6.9295631e-1 6.9295631e-1
3.9e0 2.6e0 6.9379314e-1 6.9379314e-1
4.0e0 2.6e0 6.9455797e-1 6.9455797e-1
4.1e0 2.6e0 6.9525714e-1 6.9525714e-1
4.2e0 2.6e0 6.9589612e-1 6.9589612e-1
4.3e0 2.6e0 6.9647993e-1 6.9647993e-1
4.4e0 2.6e0 6.9701353e-1 6.9701353e-1
4.5e0 2.6e0 6.9750131e-1 6.9750131e-1
4.6e0 2.6e0 6.9794691e-1 6.9794691e-1
4.7e0 2.6e0 6.9835426e-1 6.9835426e-1
4.8e0 2.6e0 6.9872658e-1 6.9872658e-1
4.9e0 2.6e0 6.9906682e-1 6.9906682e-1
5.0e0 2.6e0 6.9937784e-1 6.9937784e-1

0.0e0 2.7e0 4.1716002e-1 4.1716002e-1
1.0e-1 2.7e0 4.4222502e-1 4.4222502e-1
2.0e-1 2.7e0 4.6516997e-1 4.6516997e-1
3.0e-1 2.7e0 4.8612997e-1 4.8612997e-1
4.0e-1 2.7e0 5.0528502e-1 5.0528502e-1
5.0e-1 2.7e0 5.2278998e-1 5.2278998e-1
6.0e-1 2.7e0 5.3873999e-1 5.3873999e-1
7.0e-1 2.7e0 5.5340002e-1 5.5340002e-1
8.0e-1 2.7e0 5.6675002e-1 5.6675002e-1
9.0e-1 2.7e0 5.7895003e-1 5.7895003e-1
1.0e0 2.7e0 5.9010497e-1 5.9010497e-1
1.1e0 2.7e0 6.0030997e-1 6.0030997e-1
1.2e0 2.7e0 6.0960997e-1 6.0960997e-1
1.3e0 2.7e0 6.1816504e-1 6.1816504e-1
1.4e0 2.7e0 6.2591498e-1 6.2591498e-1
1.5e0 2.7e0 6.3306502e-1 6.3306502e-1
1.6e0 2.7e0 6.3956503e-1 6.3956503e-1
1.7e0 2.7e0 6.4551497e-1 6.4551497e-1
1.8e0 2.7e0 6.5091498e-1 6.5091498e-1
1.9e0 2.7e0 6.5586996e-1 6.5586996e-1
2.0e0 2.7e0 6.604171e-1 6.604171e-1
2.1e0 2.7e0 6.6456232e-1 6.6456232e-1
2.2e0 2.7e0 6.6835147e-1 6.6835147e-1
2.3e0 2.7e0 6.7181377e-1 6.7181377e-1
2.4e0 2.7e0 6.749782e-1 6.749782e-1
2.5e0 2.7e0 6.7787012e-1 6.7787012e-1
2.6e0 2.7e0 6.8051347e-1 6.8051347e-1
2.7e0 2.7e0 6.8292902e-1 6.8292902e-1
2.8e0 2.7e0 6.8513676e-1 6.8513676e-1
2.9e0 2.7e0 6.8715439e-1 6.8715439e-1
3.0e0 2.7e0 6.8899878e-1 6.8899878e-1
3.1e0 2.7e0 6.9068417e-1 6.9068417e-1
3.2e0 2.7e0 6.9222444e-1 6.9222444e-1
3.3e0 2.7e0 6.9363208e-1 6.9363208e-1
3.4e0 2.7e0 6.9491867e-1 6.9491867e-1
3.5e0 2.7e0 6.960945e-1 6.960945e-1
3.6e0 2.7e0 6.9716898e-1 6.9716898e-1
3.7e0 2.7e0 6.9815118e-1 6.9815118e-1
3.8e0 2.7e0 6.9904895e-1 6.9904895e-1
3.9e0 2.7e0 6.998692e-1 6.998692e-1
4.0e0 2.7e0 7.0061897e-1 7.0061897e-1
4.1e0 2.7e0 7.0130412e-1 7.0130412e-1
4.2e0 2.7e0 7.0193039e-1 7.0193039e-1
4.3e0 2.7e0 7.0250269e-1 7.0250269e-1
4.4e0 2.7e0 7.0302573e-1 7.0302573e-1
4.5e0 2.7e0 7.0350374e-1 7.0350374e-1
4.6e0 2.7e0 7.0394057e-1 7.0394057e-1
4.7e0 2.7e0 7.0433998e-1 7.0433998e-1
4.8e0 2.7e0 7.047049e-1 7.047049e-1
4.9e0 2.7e0 7.050384e-1 7.050384e-1
5.0e0 2.7e0 7.0534323e-1 7.0534323e-1

0.0e0 2.8e0 4.2867003e-1 4.2867003e-1
1.0e-1 2.8e0 4.5327002e-1 4.5327002e-1
2.0e-1 2.8e0 4.75735e-1 4.75735e-1
3.0e-1 2.8e0 4.96285e-1 4.96285e-1
4.0e-1 2.8e0 5.1504004e-1 5.1504004e-1
5.0e-1 2.8e0 5.322e-1 5.322e-1
6.0e-1 2.8e0 5.479e-1 5.479e-1
7.0e-1 2.8e0 5.6220503e-1 5.6220503e-1
8.0e-1 2.8e0 5.7530501e-1 5.7530501e-1
9.0e-1 2.8e0 5.8726004e-1 5.8726004e-1
1.0e0 2.8e0 5.9820998e-1 5.9820998e-1
1.1e0 2.8e0 6.0820998e-1 6.0820998e-1
1.2e0 2.8e0 6.1736502e-1 6.1736502e-1
1.3e0 2.8e0 6.2571997e-1 6.2571997e-1
1.4e0 2.8e0 6.3331999e-1 6.3331999e-1
1.5e0 2.8e0 6.4032004e-1 6.4032004e-1
1.6e0 2.8e0 6.4666998e-1 6.4666998e-1
1.7e0 2.8e0 6.5251997e-1 6.5251997e-1
1.8e0 2.8e0 6.57825e-1 6.57825e-1
1.9e0 2.8e0 6.62675e-1 6.62675e-1
2.0e0 2.8e0 6.6712613e-1 6.6712613e-1
2.1e0 2.8e0 6.7118912e-1 6.7118912e-1
2.2e0 2.8e0 6.7490276e-1 6.7490276e-1
2.3e0 2.8e0 6.7829684e-1 6.7829684e-1
2.4e0 2.8e0 6.813984e-1 6.813984e-1
2.5e0 2.8e0 6.8423322e-1 6.8423322e-1
2.6e0 2.8e0 6.8682396e-1 6.8682396e-1
2.7e0 2.8e0 6.8919228e-1 6.8919228e-1
2.8e0 2.8e0 6.9135611e-1 6.9135611e-1
2.9e0 2.8e0 6.9333394e-1 6.9333394e-1
3.0e0 2.8e0 6.9514131e-1 6.9514131e-1
3.1e0 2.8e0 6.9679343e-1 6.9679343e-1
3.2e0 2.8e0 6.9830318e-1 6.9830318e-1
3.3e0 2.8e0 6.9968292e-1 6.9968292e-1
3.4e0 2.8e0 7.009441e-1 7.009441e-1
3.5e0 2.8e0 7.020968e-1 7.020968e-1
3.6e0 2.8e0 7.031501e-1 7.031501e-1
3.7e0 2.8e0 7.0411275e-1 7.0411275e-1
3.8e0 2.8e0 7.0499258e-1 7.0499258e-1
3.9e0 2.8e0 7.0579669e-1 7.0579669e-1
4.0e0 2.8e0 7.0653156e-1 7.0653156e-1
4.1e0 2.8e0 7.0720316e-1 7.0720316e-1
4.2e0 2.8e0 7.0781703e-1 7.0781703e-1
4.3e0 2.8e0 7.0837798e-1 7.0837798e-1
4.4e0 2.8e0 7.0889076e-1 7.0889076e-1
4.5e0 2.8e0 7.0935925e-1 7.0935925e-1
4.6e0 2.8e0 7.097875e-1 7.097875e-1
4.7e0 2.8e0 7.1017886e-1 7.1017886e-1
4.8e0 2.8e0 7.1053664e-1 7.1053664e-1
4.9e0 2.8e0 7.1086354e-1 7.1086354e-1
5.0e0 2.8e0 7.1116232e-1 7.1116232e-1

0.0e0 2.9e0 4.3996997e-1 4.3996997e-1
1.0e-1 2.9e0 4.6408e-1 4.6408e-1
2.0e-1 2.9e0 4.8613002e-1 4.8613002e-1
3.0e-1 2.9e0 5.0624004e-1 5.0624004e-1
4.0e-1 2.9e0 5.2464e-1 5.2464e-1
5.0e-1 2.9e0 5.4144e-1 5.4144e-1
6.0e-1 2.9e0 5.5684497e-1 5.5684497e-1
7.0e-1 2.9e0 5.7085498e-1 5.7085498e-1
8.0e-1 2.9e0 5.8370998e-1 5.8370998e-1
9.0e-1 2.9e0 5.9546e-1 5.9546e-1
1.0e0 2.9e0 6.0616e-1 6.0616e-1
1.1e0 2.9e0 6.15965e-1 6.15965e-1
1.2e0 2.9e0 6.2491496e-1 6.2491496e-1
1.3e0 2.9e0 6.3311504e-1 6.3311504e-1
1.4e0 2.9e0 6.4057002e-1 6.4057002e-1
1.5e0 2.9e0 6.4742e-1 6.4742e-1
1.6e0 2.9e0 6.5367e-1 6.5367e-1
1.7e0 2.9e0 6.5937503e-1 6.5937503e-1
1.8e0 2.9e0 6.64575e-1 6.64575e-1
1.9e0 2.9e0 6.6937999e-1 6.6937999e-1
2.0e0 2.9e0 6.7371106e-1 6.7371106e-1
2.1e0 2.9e0 6.7769365e-1 6.7769365e-1
2.2e0 2.9e0 6.8133347e-1 6.8133347e-1
2.3e0 2.9e0 6.846601e-1 6.846601e-1
2.4e0 2.9e0 6.8770105e-1 6.8770105e-1
2.5e0 2.9e0 6.904796e-1 6.904796e-1
2.6e0 2.9e0 6.9301912e-1 6.9301912e-1
2.7e0 2.9e0 6.9533981e-1 6.9533981e-1
2.8e0 2.9e0 6.9746115e-1 6.9746115e-1
2.9e0 2.9e0 6.9939975e-1 6.9939975e-1
3.0e0 2.9e0 7.0117143e-1 7.0117143e-1
3.1e0 2.9e0 7.0279054e-1 7.0279054e-1
3.2e0 2.9e0 7.0427075e-1 7.0427075e-1
3.3e0 2.9e0 7.0562323e-1 7.0562323e-1
3.4e0 2.9e0 7.0685938e-1 7.0685938e-1
3.5e0 2.9e0 7.0798897e-1 7.0798897e-1
3.6e0 2.9e0 7.0902156e-1 7.0902156e-1
3.7e0 2.9e0 7.0996516e-1 7.0996516e-1
3.8e0 2.9e0 7.1082759e-1 7.1082759e-1
3.9e0 2.9e0 7.116157e-1 7.116157e-1
4.0e0 2.9e0 7.1233601e-1 7.1233601e-1
4.1e0 2.9e0 7.1299448e-1 7.1299448e-1
4.2e0 2.9e0 7.1359612e-1 7.1359612e-1
4.3e0 2.9e0 7.1414598e-1 7.1414598e-1
4.4e0 2.9e0 7.1464853e-1 7.1464853e-1
4.5e0 2.9e0 7.1510779e-1 7.1510779e-1
4.6e0 2.9e0 7.1552753e-1 7.1552753e-1
4.7e0 2.9e0 7.1591118e-1 7.1591118e-1
4.8e0 2.9e0 7.162618e-1 7.162618e-1
4.9e0 2.9e0 7.165823e-1 7.165823e-1
5.0e0 2.9e0 7.1687515e-1 7.1687515e-1

0.0e0 3.0e0 4.5108e-1 4.5108e-1
1.0e-1 3.0e0 4.7472998e-1 4.7472998e-1
2.0e-1 3.0e0 4.9628996e-1 4.9628996e-1
3.0e-1 3.0e0 5.1604498e-1 5.1604498e-1
4.0e-1 3.0e0 5.3404997e-1 5.3404997e-1
5.0e-1 3.0e0 5.5054999e-1 5.5054999e-1
6.0e-1 3.0e0 5.65605e-1 5.65605e-1
7.0e-1 3.0e0 5.7936003e-1 5.7936003e-1
8.0e-1 3.0e0 5.9196501e-1 5.9196501e-1
9.0e-1 3.0e0 6.0345999e-1 6.0345999e-1
1.0e0 3.0e0 6.1397002e-1 6.1397002e-1
1.1e0 3.0e0 6.2356497e-1 6.2356497e-1
1.2e0 3.0e0 6.3236998e-1 6.3236998e-1
1.3e0 3.0e0 6.4037497e-1 6.4037497e-1
1.4e0 3.0e0 6.4773001e-1 6.4773001e-1
1.5e0 3.0e0 6.5442496e-1 6.5442496e-1
1.6e0 3.0e0 6.6053e-1 6.6053e-1
1.7e0 3.0e0 6.6612997e-1 6.6612997e-1
1.8e0 3.0e0 6.7123503e-1 6.7123503e-1
1.9e0 3.0e0 6.7591028e-1 6.7591028e-1
2.0e0 3.0e0 6.8018181e-1 6.8018181e-1
2.1e0 3.0e0 6.8408638e-1 6.8408638e-1
2.2e0 3.0e0 6.8765417e-1 6.8765417e-1
2.3e0 3.0e0 6.9091476e-1 6.9091476e-1
2.4e0 3.0e0 6.9389479e-1 6.9389479e-1
2.5e0 3.0e0 6.966187e-1 6.966187e-1
2.6e0 3.0e0 6.9910797e-1 6.9910797e-1
2.7e0 3.0e0 7.0138278e-1 7.0138278e-1
2.8e0 3.0e0 7.0346185e-1 7.0346185e-1
2.9e0 3.0e0 7.0536255e-1 7.0536255e-1
3.0e0 3.0e0 7.0709924e-1 7.0709924e-1
3.1e0 3.0e0 7.0868614e-1 7.0868614e-1
3.2e0 3.0e0 7.1013683e-1 7.1013683e-1
3.3e0 3.0e0 7.1146265e-1 7.1146265e-1
3.4e0 3.0e0 7.1267421e-1 7.1267421e-1
3.5e0 3.0e0 7.1378156e-1 7.1378156e-1
3.6e0 3.0e0 7.1479353e-1 7.1479353e-1
3.7e0 3.0e0 7.1571848e-1 7.1571848e-1
3.8e0 3.0e0 7.1656392e-1 7.1656392e-1
3.9e0 3.0e0 7.1733644e-1 7.1733644e-1
4.0e0 3.0e0 7.1804253e-1 7.1804253e-1
4.1e0 3.0e0 7.186878e-1 7.186878e-1
4.2e0 3.0e0 7.1927762e-1 7.1927762e-1
4.3e0 3.0e0 7.198166e-1 7.198166e-1
4.4e0 3.0e0 7.2030922e-1 7.2030922e-1
4.5e0 3.0e0 7.2075931e-1 7.2075931e-1
4.6e0 3.0e0 7.2117085e-1 7.2117085e-1
4.7e0 3.0e0 7.2154688e-1 7.2154688e-1
4.8e0 3.0e0 7.2189055e-1 7.2189055e-1
4.9e0 3.0e0 7.2220464e-1 7.2220464e-1
5.0e0 3.0e0 7.2249173e-1 7.2249173e-1

0.0e0 3.1e0 4.6198e-1 4.6198e-1
1.0e-1 3.1e0 4.8513498e-1 4.8513498e-1
2.0e-1 3.1e0 5.0629e-1 5.0629e-1
3.0e-1 3.1e0 5.25645e-1 5.25645e-1
4.0e-1 3.1e0 5.4330003e-1 5.4330003e-1
5.0e-1 3.1e0 5.5945001e-1 5.5945001e-1
6.0e-1 3.1e0 5.7426004e-1 5.7426004e-1
7.0e-1 3.1e0 5.8770998e-1 5.8770998e-1
8.0e-1 3.1e0 6.0005998e-1 6.0005998e-1
9.0e-1 3.1e0 6.1131502e-1 6.1131502e-1
1.0e0 3.1e0 6.21615e-1 6.21615e-1
1.1e0 3.1e0 6.3107004e-1 6.3107004e-1
1.2e0 3.1e0 6.39675e-1 6.39675e-1
1.3e0 3.1e0 6.4752504e-1 6.4752504e-1
1.4e0 3.1e0 6.5472498e-1 6.5472498e-1
1.5e0 3.1e0 6.6128e-1 6.6128e-1
1.6e0 3.1e0 6.6727502e-1 6.6727502e-1
1.7e0 3.1e0 6.7278001e-1 6.7278001e-1
1.8e0 3.1e0 6.7778497e-1 6.7778497e-1
1.9e0 3.1e0 6.8234361e-1 6.8234361e-1
2.0e0 3.1e0 6.8653038e-1 6.8653038e-1
2.1e0 3.1e0 6.903569e-1 6.903569e-1
2.2e0 3.1e0 6.938544e-1 6.938544e-1
2.3e0 3.1e0 6.9705038e-1 6.9705038e-1
2.4e0 3.1e0 6.999715e-1 6.999715e-1
2.5e0 3.1e0 7.0264133e-1 7.0264133e-1
2.6e0 3.1e0 7.050815e-1 7.050815e-1
2.7e0 3.1e0 7.0731142e-1 7.0731142e-1
2.8e0 3.1e0 7.0934924e-1 7.0934924e-1
2.9e0 3.1e0 7.1121196e-1 7.1121196e-1
3.0e0 3.1e0 7.129142e-1 7.129142e-1
3.1e0 3.1e0 7.1447e-1 7.1447e-1
3.2e0 3.1e0 7.1589188e-1 7.1589188e-1
3.3e0 3.1e0 7.1719127e-1 7.1719127e-1
3.4e0 3.1e0 7.1837883e-1 7.1837883e-1
3.5e0 3.1e0 7.194645e-1 7.194645e-1
3.6e0 3.1e0 7.2045645e-1 7.2045645e-1
3.7e0 3.1e0 7.21363e-1 7.21363e-1
3.8e0 3.1e0 7.221916e-1 7.221916e-1
3.9e0 3.1e0 7.2294897e-1 7.2294897e-1
4.0e0 3.1e0 7.2364095e-1 7.2364095e-1
4.1e0 3.1e0 7.2427348e-1 7.2427348e-1
4.2e0 3.1e0 7.2485158e-1 7.2485158e-1
4.3e0 3.1e0 7.2538e-1 7.2538e-1
4.4e0 3.1e0 7.2586281e-1 7.2586281e-1
4.5e0 3.1e0 7.26304e-1 7.26304e-1
4.6e0 3.1e0 7.267073e-1 7.267073e-1
4.7e0 3.1e0 7.2707597e-1 7.2707597e-1
4.8e0 3.1e0 7.2741283e-1 7.2741283e-1
4.9e0 3.1e0 7.2772069e-1 7.2772069e-1
5.0e0 3.1e0 7.2800208e-1 7.2800208e-1

0.0e0 3.2e0 4.7257997e-1 4.7257997e-1
1.0e-1 3.2e0 4.9528497e-1 4.9528497e-1
2.0e-1 3.2e0 5.1603998e-1 5.1603998e-1
3.0e-1 3.2e0 5.3499498e-1 5.3499498e-1
4.0e-1 3.2e0 5.5235498e-1 5.5235498e-1
5.0e-1 3.2e0 5.68155e-1 5.68155e-1
6.0e-1 3.2e0 5.8265497e-1 5.8265497e-1
7.0e-1 3.2e0 5.9586496e-1 5.9586496e-1
8.0e-1 3.2e0 6.0796503e-1 6.0796503e-1
9.0e-1 3.2e0 6.1902002e-1 6.1902002e-1
1.0e0 3.2e0 6.2911996e-1 6.2911996e-1
1.1e0 3.2e0 6.3832002e-1 6.3832002e-1
1.2e0 3.2e0 6.46775e-1 6.46775e-1
1.3e0 3.2e0 6.5447e-1 6.5447e-1
1.4e0 3.2e0 6.6153001e-1 6.6153001e-1
1.5e0 3.2e0 6.6793001e-1 6.6793001e-1
1.6e0 3.2e0 6.7382997e-1 6.7382997e-1
1.7e0 3.2e0 6.7922998e-1 6.7922998e-1
1.8e0 3.2e0 6.8412996e-1 6.8412996e-1
1.9e0 3.2e0 6.8860669e-1 6.8860669e-1
2.0e0 3.2e0 6.9271065e-1 6.9271065e-1
2.1e0 3.2e0 6.9646141e-1 6.9646141e-1
2.2e0 3.2e0 6.9988914e-1 6.9988914e-1
2.3e0 3.2e0 7.0302286e-1 7.0302286e-1
2.4e0 3.2e0 7.0588591e-1 7.0588591e-1
2.5e0 3.2e0 7.0850266e-1 7.0850266e-1
2.6e0 3.2e0 7.1089427e-1 7.1089427e-1
2.7e0 3.2e0 7.1308023e-1 7.1308023e-1
2.8e0 3.2e0 7.1507777e-1 7.1507777e-1
2.9e0 3.2e0 7.1690343e-1 7.1690343e-1
3.0e0 3.2e0 7.1857202e-1 7.1857202e-1
3.1e0 3.2e0 7.2009695e-1 7.2009695e-1
3.2e0 3.2e0 7.2149089e-1 7.2149089e-1
3.3e0 3.2e0 7.2276463e-1 7.2276463e-1
3.4e0 3.2e0 7.2392871e-1 7.2392871e-1
3.5e0 3.2e0 7.2499266e-1 7.2499266e-1
3.6e0 3.2e0 7.2596495e-1 7.2596495e-1
3.7e0 3.2e0 7.2685359e-1 7.2685359e-1
3.8e0 3.2e0 7.2766582e-1 7.2766582e-1
3.9e0 3.2e0 7.2840807e-1 7.2840807e-1
4.0e0 3.2e0 7.2908655e-1 7.2908655e-1
4.1e0 3.2e0 7.2970654e-1 7.2970654e-1
4.2e0 3.2e0 7.3027321e-1 7.3027321e-1
4.3e0 3.2e0 7.3079097e-1 7.3079097e-1
4.4e0 3.2e0 7.3126431e-1 7.3126431e-1
4.5e0 3.2e0 7.316968e-1 7.316968e-1
4.6e0 3.2e0 7.320921e-1 7.320921e-1
4.7e0 3.2e0 7.324534e-1 7.324534e-1
4.8e0 3.2e0 7.3278368e-1 7.3278368e-1
4.9e0 3.2e0 7.3308545e-1 7.3308545e-1
5.0e0 3.2e0 7.3336124e-1 7.3336124e-1

0.0e0 3.3e0 4.8307999e-1 4.8307999e-1
1.0e-1 3.3e0 5.05335e-1 5.05335e-1
2.0e-1 3.3e0 5.2564003e-1 5.2564003e-1
3.0e-1 3.3e0 5.44245e-1 5.44245e-1
4.0e-1 3.3e0 5.6119499e-1 5.6119499e-1
5.0e-1 3.3e0 5.7675499e-1 5.7675499e-1
6.0e-1 3.3e0 5.90905e-1 5.90905e-1
7.0e-1 3.3e0 6.0391502e-1 6.0391502e-1
8.0e-1 3.3e0 6.1575996e-1 6.1575996e-1
9.0e-1 3.3e0 6.2656502e-1 6.2656502e-1
1.0e0 3.3e0 6.3646996e-1 6.3646996e-1
1.1e0 3.3e0 6.4552498e-1 6.4552498e-1
1.2e0 3.3e0 6.5376999e-1 6.5376999e-1
1.3e0 3.3e0 6.61325e-1 6.61325e-1
1.4e0 3.3e0 6.6822998e-1 6.6822998e-1
1.5e0 3.3e0 6.7457497e-1 6.7457497e-1
1.6e0 3.3e0 6.8032997e-1 6.8032997e-1
1.7e0 3.3e0 6.8557999e-1 6.8557999e-1
1.8e0 3.3e0 6.9043e-1 6.9043e-1
1.9e0 3.3e0 6.9480054e-1 6.9480054e-1
2.0e0 3.3e0 6.9882388e-1 6.9882388e-1
2.1e0 3.3e0 7.0250041e-1 7.0250041e-1
2.2e0 3.3e0 7.0586044e-1 7.0586044e-1
2.3e0 3.3e0 7.0893106e-1 7.0893106e-1
2.4e0 3.3e0 7.117381e-1 7.117381e-1
2.5e0 3.3e0 7.1430284e-1 7.1430284e-1
2.6e0 3.3e0 7.1664699e-1 7.1664699e-1
2.7e0 3.3e0 7.187895e-1 7.187895e-1
2.8e0 3.3e0 7.2074774e-1 7.2074774e-1
2.9e0 3.3e0 7.2253757e-1 7.2253757e-1
3.0e0 3.3e0 7.2417296e-1 7.2417296e-1
3.1e0 3.3e0 7.2566774e-1 7.2566774e-1
3.2e0 3.3e0 7.2703377e-1 7.2703377e-1
3.3e0 3.3e0 7.2828247e-1 7.2828247e-1
3.4e0 3.3e0 7.2942337e-1 7.2942337e-1
3.5e0 3.3e0 7.3046631e-1 7.3046631e-1
3.6e0 3.3e0 7.3141934e-1 7.3141934e-1
3.7e0 3.3e0 7.3229056e-1 7.3229056e-1
3.8e0 3.3e0 7.3308662e-1 7.3308662e-1
3.9e0 3.3e0 7.3381421e-1 7.3381421e-1
4.0e0 3.3e0 7.3447917e-1 7.3447917e-1
4.1e0 3.3e0 7.3508688e-1 7.3508688e-1
4.2e0 3.3e0 7.3564226e-1 7.3564226e-1
4.3e0 3.3e0 7.3614987e-1 7.3614987e-1
4.4e0 3.3e0 7.366137e-1 7.366137e-1
4.5e0 3.3e0 7.3703778e-1 7.3703778e-1
4.6e0 3.3e0 7.3742528e-1 7.3742528e-1
4.7e0 3.3e0 7.377794e-1 7.377794e-1
4.8e0 3.3e0 7.3810306e-1 7.3810306e-1
4.9e0 3.3e0 7.383989e-1 7.383989e-1
5.0e0 3.3e0 7.3866925e-1 7.3866925e-1

0.0e0 3.4e0 4.9328998e-1 4.9328998e-1
1.0e-1 3.4e0 5.1509502e-1 5.1509502e-1
2.0e-1 3.4e0 5.3505e-1 5.3505e-1
3.0e-1 3.4e0 5.5325504e-1 5.5325504e-1
4.0e-1 3.4e0 5.6990001e-1 5.6990001e-1
5.0e-1 3.4e0 5.8510997e-1 5.8510997e-1
6.0e-1 3.4e0 5.99015e-1 5.99015e-1
7.0e-1 3.4e0 6.1172e-1 6.1172e-1
8.0e-1 3.4e0 6.23315e-1 6.23315e-1
9.0e-1 3.4e0 6.3397502e-1 6.3397502e-1
1.0e0 3.4e0 6.4367e-1 6.4367e-1
1.1e0 3.4e0 6.5253001e-1 6.5253001e-1
1.2e0 3.4e0 6.6062999e-1 6.6062999e-1
1.3e0 3.4e0 6.6802997e-1 6.6802997e-1
1.4e0 3.4e0 6.7478503e-1 6.7478503e-1
1.5e0 3.4e0 6.8098499e-1 6.8098499e-1
1.6e0 3.4e0 6.8662997e-1 6.8662997e-1
1.7e0 3.4e0 6.9177997e-1 6.9177997e-1
1.8e0 3.4e0 6.9653499e-1 6.9653499e-1
1.9e0 3.4e0 7.008313e-1 7.008313e-1
2.0e0 3.4e0 7.0477432e-1 7.0477432e-1
2.1e0 3.4e0 7.0837851e-1 7.0837851e-1
2.2e0 3.4e0 7.1167172e-1 7.1167172e-1
2.3e0 3.4e0 7.1468185e-1 7.1468185e-1
2.4e0 3.4e0 7.1743282e-1 7.1743282e-1
2.5e0 3.4e0 7.1994704e-1 7.1994704e-1
2.6e0 3.4e0 7.2224533e-1 7.2224533e-1
2.7e0 3.4e0 7.2434529e-1 7.2434529e-1
2.8e0 3.4e0 7.2626453e-1 7.2626453e-1
2.9e0 3.4e0 7.280187e-1 7.280187e-1
3.0e0 3.4e0 7.2962184e-1 7.2962184e-1
3.1e0 3.4e0 7.3108699e-1 7.3108699e-1
3.2e0 3.4e0 7.3242612e-1 7.3242612e-1
3.3e0 3.4e0 7.3364984e-1 7.3364984e-1
3.4e0 3.4e0 7.3476855e-1 7.3476855e-1
3.5e0 3.4e0 7.3579066e-1 7.3579066e-1
3.6e0 3.4e0 7.367249e-1 7.367249e-1
3.7e0 3.4e0 7.3757866e-1 7.3757866e-1
3.8e0 3.4e0 7.3835905e-1 7.3835905e-1
3.9e0 3.4e0 7.3907216e-1 7.3907216e-1
4.0e0 3.4e0 7.3972398e-1 7.3972398e-1
4.1e0 3.4e0 7.4031964e-1 7.4031964e-1
4.2e0 3.4e0 7.4086417e-1 7.4086417e-1
4.3e0 3.4e0 7.4136163e-1 7.4136163e-1
4.4e0 3.4e0 7.4181631e-1 7.4181631e-1
4.5e0 3.4e0 7.422319e-1 7.422319e-1
4.6e0 3.4e0 7.4261176e-1 7.4261176e-1
4.7e0 3.4e0 7.429589e-1 7.429589e-1
4.8e0 3.4e0 7.4327612e-1 7.4327612e-1
4.9e0 3.4e0 7.4356607e-1 7.4356607e-1
5.0e0 3.4e0 7.4383109e-1 7.4383109e-1

0.0e0 3.5e0 5.0328001e-1 5.0328001e-1
1.0e-1 3.5e0 5.2469e-1 5.2469e-1
2.0e-1 3.5e0 5.44195e-1 5.44195e-1
3.0e-1 3.5e0 5.6209502e-1 5.6209502e-1
4.0e-1 3.5e0 5.7840002e-1 5.7840002e-1
5.0e-1 3.5e0 5.9330496e-1 5.9330496e-1
6.0e-1 3.5e0 6.0695502e-1 6.0695502e-1
7.0e-1 3.5e0 6.1941496e-1 6.1941496e-1
8.0e-1 3.5e0 6.3077002e-1 6.3077002e-1
9.0e-1 3.5e0 6.41165e-1 6.41165e-1
1.0e0 3.5e0 6.5067503e-1 6.5067503e-1
1.1e0 3.5e0 6.5937003e-1 6.5937003e-1
1.2e0 3.5e0 6.6733e-1 6.6733e-1
1.3e0 3.5e0 6.7457503e-1 6.7457503e-1
1.4e0 3.5e0 6.8123e-1 6.8123e-1
1.5e0 3.5e0 6.8728003e-1 6.8728003e-1
1.6e0 3.5e0 6.9283499e-1 6.9283499e-1
1.7e0 3.5e0 6.9788496e-1 6.9788496e-1
1.8e0 3.5e0 7.025045e-1 7.025045e-1
1.9e0 3.5e0 7.0673338e-1 7.0673338e-1
2.0e0 3.5e0 7.1059866e-1 7.1059866e-1
2.1e0 3.5e0 7.141308e-1 7.141308e-1
2.2e0 3.5e0 7.1735912e-1 7.1735912e-1
2.3e0 3.5e0 7.2031001e-1 7.2031001e-1
2.4e0 3.5e0 7.2300652e-1 7.2300652e-1
2.5e0 3.5e0 7.2547089e-1 7.2547089e-1
2.6e0 3.5e0 7.2772313e-1 7.2772313e-1
2.7e0 3.5e0 7.2978186e-1 7.2978186e-1
2.8e0 3.5e0 7.3166309e-1 7.3166309e-1
2.9e0 3.5e0 7.333824e-1 7.333824e-1
3.0e0 3.5e0 7.3495377e-1 7.3495377e-1
3.1e0 3.5e0 7.3639026e-1 7.3639026e-1
3.2e0 3.5e0 7.3770274e-1 7.3770274e-1
3.3e0 3.5e0 7.3890225e-1 7.3890225e-1
3.4e0 3.5e0 7.3999857e-1 7.3999857e-1
3.5e0 3.5e0 7.4100061e-1 7.4100061e-1
3.6e0 3.5e0 7.4191632e-1 7.4191632e-1
3.7e0 3.5e0 7.4275314e-1 7.4275314e-1
3.8e0 3.5e0 7.4351797e-1 7.4351797e-1
3.9e0 3.5e0 7.4421715e-1 7.4421715e-1
4.0e0 3.5e0 7.4485612e-1 7.4485612e-1
4.1e0 3.5e0 7.4543994e-1 7.4543994e-1
4.2e0 3.5e0 7.4597354e-1 7.4597354e-1
4.3e0 3.5e0 7.4646132e-1 7.4646132e-1
4.4e0 3.5e0 7.4690692e-1 7.4690692e-1
4.5e0 3.5e0 7.4731427e-1 7.4731427e-1
4.6e0 3.5e0 7.4768658e-1 7.4768658e-1
4.7e0 3.5e0 7.4802682e-1 7.4802682e-1
4.8e0 3.5e0 7.4833784e-1 7.4833784e-1
4.9e0 3.5e0 7.4862207e-1 7.4862207e-1
5.0e0 3.5e0 7.488818e-1 7.488818e-1

0.0e0 3.6e0 5.1317996e-1 5.1317996e-1
1.0e-1 3.6e0 5.3413997e-1 5.3413997e-1
2.0e-1 3.6e0 5.5329501e-1 5.5329501e-1
3.0e-1 3.6e0 5.7079997e-1 5.7079997e-1
4.0e-1 3.6e0 5.8674998e-1 5.8674998e-1
5.0e-1 3.6e0 6.0141002e-1 6.0141002e-1
6.0e-1 3.6e0 6.1476001e-1 6.1476001e-1
7.0e-1 3.6e0 6.2696002e-1 6.2696002e-1
8.0e-1 3.6e0 6.3811496e-1 6.3811496e-1
9.0e-1 3.6e0 6.4831996e-1 6.4831996e-1
1.0e0 3.6e0 6.5761996e-1 6.5761996e-1
1.1e0 3.6e0 6.6617503e-1 6.6617503e-1
1.2e0 3.6e0 6.7392497e-1 6.7392497e-1
1.3e0 3.6e0 6.8107501e-1 6.8107501e-1
1.4e0 3.6e0 6.8757503e-1 6.8757503e-1
1.5e0 3.6e0 6.9352496e-1 6.9352496e-1
1.6e0 3.6e0 6.9892497e-1 6.9892497e-1
1.7e0 3.6e0 7.0387996e-1 7.0387996e-1
1.8e0 3.6e0 7.084271e-1 7.084271e-1
1.9e0 3.6e0 7.1257231e-1 7.1257231e-1
2.0e0 3.6e0 7.1636147e-1 7.1636147e-1
2.1e0 3.6e0 7.1982376e-1 7.1982376e-1
2.2e0 3.6e0 7.2298819e-1 7.2298819e-1
2.3e0 3.6e0 7.2588011e-1 7.2588011e-1
2.4e0 3.6e0 7.2852347e-1 7.2852347e-1
2.5e0 3.6e0 7.3093901e-1 7.3093901e-1
2.6e0 3.6e0 7.3314676e-1 7.3314676e-1
2.7e0 3.6e0 7.3516438e-1 7.3516438e-1
2.8e0 3.6e0 7.3700877e-1 7.3700877e-1
2.9e0 3.6e0 7.3869417e-1 7.3869417e-1
3.0e0 3.6e0 7.4023444e-1 7.4023444e-1
3.1e0 3.6e0 7.4164207e-1 7.4164207e-1
3.2e0 3.6e0 7.4292867e-1 7.4292867e-1
3.3e0 3.6e0 7.4410449e-1 7.4410449e-1
3.4e0 3.6e0 7.4517897e-1 7.4517897e-1
3.5e0 3.6e0 7.4616118e-1 7.4616118e-1
3.6e0 3.6e0 7.4705894e-1 7.4705894e-1
3.7e0 3.6e0 7.478792e-1 7.478792e-1
3.8e0 3.6e0 7.4862897e-1 7.4862897e-1
3.9e0 3.6e0 7.4931412e-1 7.4931412e-1
4.0e0 3.6e0 7.4994038e-1 7.4994038e-1
4.1e0 3.6e0 7.5051268e-1 7.5051268e-1
4.2e0 3.6e0 7.5103572e-1 7.5103572e-1
4.3e0 3.6e0 7.5151373e-1 7.5151373e-1
4.4e0 3.6e0 7.5195056e-1 7.5195056e-1
4.5e0 3.6e0 7.5234998e-1 7.5234998e-1
4.6e0 3.6e0 7.5271489e-1 7.5271489e-1
4.7e0 3.6e0 7.530484e-1 7.530484e-1
4.8e0 3.6e0 7.5335323e-1 7.5335323e-1
4.9e0 3.6e0 7.5363184e-1 7.5363184e-1
5.0e0 3.6e0 7.5388643e-1 7.5388643e-1

0.0e0 3.7e0 5.2279999e-1 5.2279999e-1
1.0e-1 3.7e0 5.4334999e-1 5.4334999e-1
2.0e-1 3.7e0 5.6210503e-1 5.6210503e-1
3.0e-1 3.7e0 5.7926498e-1 5.7926498e-1
4.0e-1 3.7e0 5.9496498e-1 5.9496498e-1
5.0e-1 3.7e0 6.0927002e-1 6.0927002e-1
6.0e-1 3.7e0 6.2237e-1 6.2237e-1
7.0e-1 3.7e0 6.3432503e-1 6.3432503e-1
8.0e-1 3.7e0 6.4527496e-1 6.4527496e-1
9.0e-1 3.7e0 6.5527496e-1 6.5527496e-1
1.0e0 3.7e0 6.6443001e-1 6.6443001e-1
1.1e0 3.7e0 6.7278496e-1 6.7278496e-1
1.2e0 3.7e0 6.8038498e-1 6.8038498e-1
1.3e0 3.7e0 6.8738503e-1 6.8738503e-1
1.4e0 3.7e0 6.9373497e-1 6.9373497e-1
1.5e0 3.7e0 6.9958496e-1 6.9958496e-1
1.6e0 3.7e0 7.0488998e-1 7.0488998e-1
1.7e0 3.7e0 7.0973999e-1 7.0973999e-1
1.8e0 3.7e0 7.1419112e-1 7.1419112e-1
1.9e0 3.7e0 7.182541e-1 7.182541e-1
2.0e0 3.7e0 7.2196774e-1 7.2196774e-1
2.1e0 3.7e0 7.2536183e-1 7.2536183e-1
2.2e0 3.7e0 7.284634e-1 7.284634e-1
2.3e0 3.7e0 7.312982e-1 7.312982e-1
2.4e0 3.7e0 7.3388895e-1 7.3388895e-1
2.5e0 3.7e0 7.3625726e-1 7.3625726e-1
2.6e0 3.7e0 7.384211e-1 7.384211e-1
2.7e0 3.7e0 7.4039893e-1 7.4039893e-1
2.8e0 3.7e0 7.422063e-1 7.422063e-1
2.9e0 3.7e0 7.4385841e-1 7.4385841e-1
3.0e0 3.7e0 7.4536816e-1 7.4536816e-1
3.1e0 3.7e0 7.4674791e-1 7.4674791e-1
3.2e0 3.7e0 7.480091e-1 7.480091e-1
3.3e0 3.7e0 7.4916179e-1 7.4916179e-1
3.4e0 3.7e0 7.5021509e-1 7.5021509e-1
3.5e0 3.7e0 7.5117773e-1 7.5117773e-1
3.6e0 3.7e0 7.5205757e-1 7.5205757e-1
3.7e0 3.7e0 7.5286168e-1 7.5286168e-1
3.8e0 3.7e0 7.5359654e-1 7.5359654e-1
3.9e0 3.7e0 7.5426814e-1 7.5426814e-1
4.0e0 3.7e0 7.5488202e-1 7.5488202e-1
4.1e0 3.7e0 7.5544296e-1 7.5544296e-1
4.2e0 3.7e0 7.5595575e-1 7.5595575e-1
4.3e0 3.7e0 7.5642424e-1 7.5642424e-1
4.4e0 3.7e0 7.568525e-1 7.568525e-1
4.5e0 3.7e0 7.5724385e-1 7.5724385e-1
4.6e0 3.7e0 7.5760162e-1 7.5760162e-1
4.7e0 3.7e0 7.5792853e-1 7.5792853e-1
4.8e0 3.7e0 7.5822731e-1 7.5822731e-1
4.9e0 3.7e0 7.5850037e-1 7.5850037e-1
5.0e0 3.7e0 7.5874998e-1 7.5874998e-1

0.0e0 3.8e0 5.3229002e-1 5.3229002e-1
1.0e-1 3.8e0 5.5240004e-1 5.5240004e-1
2.0e-1 3.8e0 5.708e-1 5.708e-1
3.0e-1 3.8e0 5.876e-1 5.876e-1
4.0e-1 3.8e0 6.0300497e-1 6.0300497e-1
5.0e-1 3.8e0 6.1701498e-1 6.1701498e-1
6.0e-1 3.8e0 6.2986998e-1 6.2986998e-1
7.0e-1 3.8e0 6.4162001e-1 6.4162001e-1
8.0e-1 3.8e0 6.5232e-1 6.5232e-1
9.0e-1 3.8e0 6.62125e-1 6.62125e-1
1.0e0 3.8e0 6.7107497e-1 6.7107497e-1
1.1e0 3.8e0 6.7927504e-1 6.7927504e-1
1.2e0 3.8e0 6.8673003e-1 6.8673003e-1
1.3e0 3.8e0 6.9358e-1 6.9358e-1
1.4e0 3.8e0 6.9983e-1 6.9983e-1
1.5e0 3.8e0 7.0553503e-1 7.0553503e-1
1.6e0 3.8e0 7.10735e-1 7.10735e-1
1.7e0 3.8e0 7.1554e-1 7.1554e-1
1.8e0 3.8e0 7.1987106e-1 7.1987106e-1
1.9e0 3.8e0 7.2385365e-1 7.2385365e-1
2.0e0 3.8e0 7.2749347e-1 7.2749347e-1
2.1e0 3.8e0 7.308201e-1 7.308201e-1
2.2e0 3.8e0 7.3386105e-1 7.3386105e-1
2.3e0 3.8e0 7.366396e-1 7.366396e-1
2.4e0 3.8e0 7.3917912e-1 7.3917912e-1
2.5e0 3.8e0 7.4149982e-1 7.4149982e-1
2.6e0 3.8e0 7.4362115e-1 7.4362115e-1
2.7e0 3.8e0 7.4555975e-1 7.4555975e-1
2.8e0 3.8e0 7.4733144e-1 7.4733144e-1
2.9e0 3.8e0 7.4895055e-1 7.4895055e-1
3.0e0 3.8e0 7.5043076e-1 7.5043076e-1
3.1e0 3.8e0 7.5178323e-1 7.5178323e-1
3.2e0 3.8e0 7.5301938e-1 7.5301938e-1
3.3e0 3.8e0 7.5414897e-1 7.5414897e-1
3.4e0 3.8e0 7.5518156e-1 7.5518156e-1
3.5e0 3.8e0 7.5612517e-1 7.5612517e-1
3.6e0 3.8e0 7.569876e-1 7.569876e-1
3.7e0 3.8e0 7.5777571e-1 7.5777571e-1
3.8e0 3.8e0 7.5849602e-1 7.5849602e-1
3.9e0 3.8e0 7.5915448e-1 7.5915448e-1
4.0e0 3.8e0 7.5975612e-1 7.5975612e-1
4.1e0 3.8e0 7.6030598e-1 7.6030598e-1
4.2e0 3.8e0 7.6080853e-1 7.6080853e-1
4.3e0 3.8e0 7.6126779e-1 7.6126779e-1
4.4e0 3.8e0 7.6168753e-1 7.6168753e-1
4.5e0 3.8e0 7.6207118e-1 7.6207118e-1
4.6e0 3.8e0 7.624218e-1 7.624218e-1
4.7e0 3.8e0 7.6274231e-1 7.6274231e-1
4.8e0 3.8e0 7.6303516e-1 7.6303516e-1
4.9e0 3.8e0 7.6330283e-1 7.6330283e-1
5.0e0 3.8e0 7.6354744e-1 7.6354744e-1

0.0e0 3.9e0 5.4149997e-1 5.4149997e-1
1.0e-1 3.9e0 5.6125499e-1 5.6125499e-1
2.0e-1 3.9e0 5.7925998e-1 5.7925998e-1
3.0e-1 3.9e0 5.9576e-1 5.9576e-1
4.0e-1 3.9e0 6.10815e-1 6.10815e-1
5.0e-1 3.9e0 6.2457004e-1 6.2457004e-1
6.0e-1 3.9e0 6.3717502e-1 6.3717502e-1
7.0e-1 3.9e0 6.4867e-1 6.4867e-1
8.0e-1 3.9e0 6.5918002e-1 6.5918002e-1
9.0e-1 3.9e0 6.6877498e-1 6.6877498e-1
1.0e0 3.9e0 6.7757999e-1 6.7757999e-1
1.1e0 3.9e0 6.8558498e-1 6.8558498e-1
1.2e0 3.9e0 6.9294002e-1 6.9294002e-1
1.3e0 3.9e0 6.9963496e-1 6.9963496e-1
1.4e0 3.9e0 7.0574e-1 7.0574e-1
1.5e0 3.9e0 7.1133998e-1 7.1133998e-1
1.6e0 3.9e0 7.1644504e-1 7.1644504e-1
1.7e0 3.9e0 7.2112029e-1 7.2112029e-1
1.8e0 3.9e0 7.2539182e-1 7.2539182e-1
1.9e0 3.9e0 7.2929639e-1 7.2929639e-1
2.0e0 3.9e0 7.3286418e-1 7.3286418e-1
2.1e0 3.9e0 7.3612477e-1 7.3612477e-1
2.2e0 3.9e0 7.391048e-1 7.391048e-1
2.3e0 3.9e0 7.418287e-1 7.418287e-1
2.4e0 3.9e0 7.4431798e-1 7.4431798e-1
2.5e0 3.9e0 7.4659279e-1 7.4659279e-1
2.6e0 3.9e0 7.4867186e-1 7.4867186e-1
2.7e0 3.9e0 7.5057256e-1 7.5057256e-1
2.8e0 3.9e0 7.5230925e-1 7.5230925e-1
2.9e0 3.9e0 7.5389615e-1 7.5389615e-1
3.0e0 3.9e0 7.5534683e-1 7.5534683e-1
3.1e0 3.9e0 7.5667265e-1 7.5667265e-1
3.2e0 3.9e0 7.5788422e-1 7.5788422e-1
3.3e0 3.9e0 7.5899156e-1 7.5899156e-1
3.4e0 3.9e0 7.6000354e-1 7.6000354e-1
3.5e0 3.9e0 7.6092848e-1 7.6092848e-1
3.6e0 3.9e0 7.6177393e-1 7.6177393e-1
3.7e0 3.9e0 7.6254645e-1 7.6254645e-1
3.8e0 3.9e0 7.6325253e-1 7.6325253e-1
3.9e0 3.9e0 7.6389781e-1 7.6389781e-1
4.0e0 3.9e0 7.6448763e-1 7.6448763e-1
4.1e0 3.9e0 7.6502661e-1 7.6502661e-1
4.2e0 3.9e0 7.6551923e-1 7.6551923e-1
4.3e0 3.9e0 7.6596931e-1 7.6596931e-1
4.4e0 3.9e0 7.6638086e-1 7.6638086e-1
4.5e0 3.9e0 7.6675688e-1 7.6675688e-1
4.6e0 3.9e0 7.6710056e-1 7.6710056e-1
4.7e0 3.9e0 7.6741464e-1 7.6741464e-1
4.8e0 3.9e0 7.6770174e-1 7.6770174e-1
4.9e0 3.9e0 7.679641e-1 7.679641e-1
5.0e0 3.9e0 7.6820387e-1 7.6820387e-1

0.0e0 4.0e0 5.5059999e-1 5.5059999e-1
1.0e-1 4.0e0 5.69955e-1 5.69955e-1
2.0e-1 4.0e0 5.8761003e-1 5.8761003e-1
3.0e-1 4.0e0 6.0376001e-1 6.0376001e-1
4.0e-1 4.0e0 6.1857004e-1 6.1857004e-1
5.0e-1 4.0e0 6.3201997e-1 6.3201997e-1
6.0e-1 4.0e0 6.4436998e-1 6.4436998e-1
7.0e-1 4.0e0 6.5562502e-1 6.5562502e-1
8.0e-1 4.0e0 6.65925e-1 6.65925e-1
9.0e-1 4.0e0 6.7538004e-1 6.7538004e-1
1.0e0 4.0e0 6.83985e-1 6.83985e-1
1.1e0 4.0e0 6.9183504e-1 6.9183504e-1
1.2e0 4.0e0 6.9903497e-1 6.9903497e-1
1.3e0 4.0e0 7.0559e-1 7.0559e-1
1.4e0 4.0e0 7.1158502e-1 7.1158502e-1
1.5e0 4.0e0 7.1709001e-1 7.1709001e-1
1.6e0 4.0e0 7.2209497e-1 7.2209497e-1
1.7e0 4.0e0 7.2665361e-1 7.2665361e-1
1.8e0 4.0e0 7.3084038e-1 7.3084038e-1
1.9e0 4.0e0 7.346669e-1 7.346669e-1
2.0e0 4.0e0 7.381644e-1 7.381644e-1
2.1e0 4.0e0 7.4136038e-1 7.4136038e-1
2.2e0 4.0e0 7.442815e-1 7.442815e-1
2.3e0 4.0e0 7.4695132e-1 7.4695132e-1
2.4e0 4.0e0 7.493915e-1 7.493915e-1
2.5e0 4.0e0 7.5162141e-1 7.5162141e-1
2.6e0 4.0e0 7.5365924e-1 7.5365924e-1
2.7e0 4.0e0 7.5552196e-1 7.5552196e-1
2.8e0 4.0e0 7.572242e-1 7.572242e-1
2.9e0 4.0e0 7.5878e-1 7.5878e-1
3.0e0 4.0e0 7.6020187e-1 7.6020187e-1
3.1e0 4.0e0 7.6150127e-1 7.6150127e-1
3.2e0 4.0e0 7.6268883e-1 7.6268883e-1
3.3e0 4.0e0 7.6377449e-1 7.6377449e-1
3.4e0 4.0e0 7.6476645e-1 7.6476645e-1
3.5e0 4.0e0 7.65673e-1 7.65673e-1
3.6e0 4.0e0 7.665016e-1 7.665016e-1
3.7e0 4.0e0 7.6725897e-1 7.6725897e-1
3.8e0 4.0e0 7.6795094e-1 7.6795094e-1
3.9e0 4.0e0 7.6858348e-1 7.6858348e-1
4.0e0 4.0e0 7.6916158e-1 7.6916158e-1
4.1e0 4.0e0 7.6969e-1 7.6969e-1
4.2e0 4.0e0 7.701728e-1 7.701728e-1
4.3e0 4.0e0 7.70614e-1 7.70614e-1
4.4e0 4.0e0 7.710173e-1 7.710173e-1
4.5e0 4.0e0 7.7138597e-1 7.7138597e-1
4.6e0 4.0e0 7.7172282e-1 7.7172282e-1
4.7e0 4.0e0 7.7203069e-1 7.7203069e-1
4.8e0 4.0e0 7.7231207e-1 7.7231207e-1
4.9e0 4.0e0 7.7256927e-1 7.7256927e-1
5.0e0 4.0e0 7.7280432e-1 7.7280432e-1

0.0e0 4.1e0 5.5949998e-1 5.5949998e-1
1.0e-1 4.1e0 5.7845499e-1 5.7845499e-1
2.0e-1 4.1e0 5.9581499e-1 5.9581499e-1
3.0e-1 4.1e0 6.11615e-1 6.11615e-1
4.0e-1 4.1e0 6.2611497e-1 6.2611497e-1
5.0e-1 4.1e0 6.3932497e-1 6.3932497e-1
6.0e-1 4.1e0 6.5142503e-1 6.5142503e-1
7.0e-1 4.1e0 6.6248003e-1 6.6248003e-1
8.0e-1 4.1e0 6.7257997e-1 6.7257997e-1
9.0e-1 4.1e0 6.8178003e-1 6.8178003e-1
1.0e0 4.1e0 6.90235e-1 6.90235e-1
1.1e0 4.1e0 6.9793001e-1 6.9793001e-1
1.2e0 4.1e0 7.0499002e-1 7.0499002e-1
1.3e0 4.1e0 7.1139001e-1 7.1139001e-1
1.4e0 4.1e0 7.1728998e-1 7.1728998e-1
1.5e0 4.1e0 7.2268999e-1 7.2268999e-1
1.6e0 4.1e0 7.2758997e-1 7.2758997e-1
1.7e0 4.1e0 7.320667e-1 7.320667e-1
1.8e0 4.1e0 7.3617065e-1 7.3617065e-1
1.9e0 4.1e0 7.3992142e-1 7.3992142e-1
2.0e0 4.1e0 7.4334915e-1 7.4334915e-1
2.1e0 4.1e0 7.4648286e-1 7.4648286e-1
2.2e0 4.1e0 7.4934592e-1 7.4934592e-1
2.3e0 4.1e0 7.5196266e-1 7.5196266e-1
2.4e0 4.1e0 7.5435428e-1 7.5435428e-1
2.5e0 4.1e0 7.5654024e-1 7.5654024e-1
2.6e0 4.1e0 7.5853778e-1 7.5853778e-1
2.7e0 4.1e0 7.6036343e-1 7.6036343e-1
2.8e0 4.1e0 7.6203203e-1 7.6203203e-1
2.9e0 4.1e0 7.6355696e-1 7.6355696e-1
3.0e0 4.1e0 7.649509e-1 7.649509e-1
3.1e0 4.1e0 7.6622464e-1 7.6622464e-1
3.2e0 4.1e0 7.6738872e-1 7.6738872e-1
3.3e0 4.1e0 7.6845267e-1 7.6845267e-1
3.4e0 4.1e0 7.6942496e-1 7.6942496e-1
3.5e0 4.1e0 7.703136e-1 7.703136e-1
3.6e0 4.1e0 7.7112582e-1 7.7112582e-1
3.7e0 4.1e0 7.7186807e-1 7.7186807e-1
3.8e0 4.1e0 7.7254655e-1 7.7254655e-1
3.9e0 4.1e0 7.7316655e-1 7.7316655e-1
4.0e0 4.1e0 7.7373322e-1 7.7373322e-1
4.1e0 4.1e0 7.7425098e-1 7.7425098e-1
4.2e0 4.1e0 7.7472432e-1 7.7472432e-1
4.3e0 4.1e0 7.751568e-1 7.751568e-1
4.4e0 4.1e0 7.7555211e-1 7.7555211e-1
4.5e0 4.1e0 7.759134e-1 7.759134e-1
4.6e0 4.1e0 7.7624368e-1 7.7624368e-1
4.7e0 4.1e0 7.7654546e-1 7.7654546e-1
4.8e0 4.1e0 7.7682124e-1 7.7682124e-1
4.9e0 4.1e0 7.7707332e-1 7.7707332e-1
5.0e0 4.1e0 7.7730371e-1 7.7730371e-1

0.0e0 4.2e0 5.6820004e-1 5.6820004e-1
1.0e-1 4.2e0 5.8680501e-1 5.8680501e-1
2.0e-1 4.2e0 6.03755e-1 6.03755e-1
3.0e-1 4.2e0 6.19315e-1 6.19315e-1
4.0e-1 4.2e0 6.3346501e-1 6.3346501e-1
5.0e-1 4.2e0 6.4647504e-1 6.4647504e-1
6.0e-1 4.2e0 6.5831998e-1 6.5831998e-1
7.0e-1 4.2e0 6.6912503e-1 6.6912503e-1
8.0e-1 4.2e0 6.7902997e-1 6.7902997e-1
9.0e-1 4.2e0 6.8808499e-1 6.8808499e-1
1.0e0 4.2e0 6.9633e-1 6.9633e-1
1.1e0 4.2e0 7.0388501e-1 7.0388501e-1
1.2e0 4.2e0 7.1079e-1 7.1079e-1
1.3e0 4.2e0 7.1713498e-1 7.1713498e-1
1.4e0 4.2e0 7.2288998e-1 7.2288998e-1
1.5e0 4.2e0 7.2814e-1 7.2814e-1
1.6e0 4.2e0 7.3299e-1 7.3299e-1
1.7e0 4.2e0 7.3736055e-1 7.3736055e-1
1.8e0 4.2e0 7.413839e-1 7.413839e-1
1.9e0 4.2e0 7.4506042e-1 7.4506042e-1
2.0e0 4.2e0 7.4842046e-1 7.4842046e-1
2.1e0 4.2e0 7.5149107e-1 7.5149107e-1
2.2e0 4.2e0 7.5429811e-1 7.5429811e-1
2.3e0 4.2e0 7.5686285e-1 7.5686285e-1
2.4e0 4.2e0 7.59207e-1 7.59207e-1
2.5e0 4.2e0 7.6134952e-1 7.6134952e-1
2.6e0 4.2e0 7.6330775e-1 7.6330775e-1
2.7e0 4.2e0 7.6509758e-1 7.6509758e-1
2.8e0 4.2e0 7.6673297e-1 7.6673297e-1
2.9e0 4.2e0 7.6822775e-1 7.6822775e-1
3.0e0 4.2e0 7.6959378e-1 7.6959378e-1
3.1e0 4.2e0 7.7084248e-1 7.7084248e-1
3.2e0 4.2e0 7.7198338e-1 7.7198338e-1
3.3e0 4.2e0 7.7302632e-1 7.7302632e-1
3.4e0 4.2e0 7.7397935e-1 7.7397935e-1
3.5e0 4.2e0 7.7485057e-1 7.7485057e-1
3.6e0 4.2e0 7.7564664e-1 7.7564664e-1
3.7e0 4.2e0 7.7637422e-1 7.7637422e-1
3.8e0 4.2e0 7.7703918e-1 7.7703918e-1
3.9e0 4.2e0 7.776469e-1 7.776469e-1
4.0e0 4.2e0 7.7820227e-1 7.7820227e-1
4.1e0 4.2e0 7.7870988e-1 7.7870988e-1
4.2e0 4.2e0 7.791737e-1 7.791737e-1
4.3e0 4.2e0 7.795978e-1 7.795978e-1
4.4e0 4.2e0 7.7998529e-1 7.7998529e-1
4.5e0 4.2e0 7.8033942e-1 7.8033942e-1
4.6e0 4.2e0 7.8066307e-1 7.8066307e-1
4.7e0 4.2e0 7.8095891e-1 7.8095891e-1
4.8e0 4.2e0 7.8122926e-1 7.8122926e-1
4.9e0 4.2e0 7.8147633e-1 7.8147633e-1
5.0e0 4.2e0 7.8170215e-1 7.8170215e-1

0.0e0 4.3e0 5.7681e-1 5.7681e-1
1.0e-1 4.3e0 5.9501503e-1 5.9501503e-1
2.0e-1 4.3e0 6.1166e-1 6.1166e-1
3.0e-1 4.3e0 6.2686996e-1 6.2686996e-1
4.0e-1 4.3e0 6.40775e-1 6.40775e-1
5.0e-1 4.3e0 6.5348e-1 6.5348e-1
6.0e-1 4.3e0 6.65075e-1 6.65075e-1
7.0e-1 4.3e0 6.7573502e-1 6.7573502e-1
8.0e-1 4.3e0 6.8543e-1 6.8543e-1
9.0e-1 4.3e0 6.9429001e-1 6.9429001e-1
1.0e0 4.3e0 7.0238998e-1 7.0238998e-1
1.1e0 4.3e0 7.0978996e-1 7.0978996e-1
1.2e0 4.3e0 7.1654503e-1 7.1654503e-1
1.3e0 4.3e0 7.2274498e-1 7.2274498e-1
1.4e0 4.3e0 7.2838997e-1 7.2838997e-1
1.5e0 4.3e0 7.3353996e-1 7.3353996e-1
1.6e0 4.3e0 7.3829498e-1 7.3829498e-1
1.7e0 4.3e0 7.425913e-1 7.425913e-1
1.8e0 4.3e0 7.4653432e-1 7.4653432e-1
1.9e0 4.3e0 7.501385e-1 7.501385e-1
2.0e0 4.3e0 7.5343172e-1 7.5343172e-1
2.1e0 4.3e0 7.5644185e-1 7.5644185e-1
2.2e0 4.3e0 7.5919281e-1 7.5919281e-1
2.3e0 4.3e0 7.6170703e-1 7.6170703e-1
2.4e0 4.3e0 7.6400533e-1 7.6400533e-1
2.5e0 4.3e0 7.6610529e-1 7.6610529e-1
2.6e0 4.3e0 7.6802452e-1 7.6802452e-1
2.7e0 4.3e0 7.697787e-1 7.697787e-1
2.8e0 4.3e0 7.7138184e-1 7.7138184e-1
2.9e0 4.3e0 7.7284698e-1 7.7284698e-1
3.0e0 4.3e0 7.7418611e-1 7.7418611e-1
3.1e0 4.3e0 7.7540984e-1 7.7540984e-1
3.2e0 4.3e0 7.7652855e-1 7.7652855e-1
3.3e0 4.3e0 7.7755066e-1 7.7755066e-1
3.4e0 4.3e0 7.784849e-1 7.784849e-1
3.5e0 4.3e0 7.7933865e-1 7.7933865e-1
3.6e0 4.3e0 7.8011905e-1 7.8011905e-1
3.7e0 4.3e0 7.8083215e-1 7.8083215e-1
3.8e0 4.3e0 7.8148398e-1 7.8148398e-1
3.9e0 4.3e0 7.8207964e-1 7.8207964e-1
4.0e0 4.3e0 7.8262416e-1 7.8262416e-1
4.1e0 4.3e0 7.8312163e-1 7.8312163e-1
4.2e0 4.3e0 7.8357631e-1 7.8357631e-1
4.3e0 4.3e0 7.839919e-1 7.839919e-1
4.4e0 4.3e0 7.8437175e-1 7.8437175e-1
4.5e0 4.3e0 7.8471889e-1 7.8471889e-1
4.6e0 4.3e0 7.8503612e-1 7.8503612e-1
4.7e0 4.3e0 7.8532607e-1 7.8532607e-1
4.8e0 4.3e0 7.8559108e-1 7.8559108e-1
4.9e0 4.3e0 7.8583331e-1 7.8583331e-1
5.0e0 4.3e0 7.8605464e-1 7.8605464e-1

0.0e0 4.4e0 5.851101e-1 5.851101e-1
1.0e-1 4.4e0 6.0301012e-1 6.0301012e-1
2.0e-1 4.4e0 6.1931512e-1 6.1931512e-1
3.0e-1 4.4e0 6.3422006e-1 6.3422006e-1
4.0e-1 4.4e0 6.4787012e-1 6.4787012e-1
5.0e-1 4.4e0 6.6033006e-1 6.6033006e-1
6.0e-1 4.4e0 6.7168512e-1 6.7168512e-1
7.0e-1 4.4e0 6.820801e-1 6.820801e-1
8.0e-1 4.4e0 6.9159013e-1 6.9159013e-1
9.0e-1 4.4e0 7.0028513e-1 7.0028513e-1
1.0e0 4.4e0 7.082451e-1 7.082451e-1
1.1e0 4.4e0 7.1549013e-1 7.1549013e-1
1.2e0 4.4e0 7.221451e-1 7.221451e-1
1.3e0 4.4e0 7.2819513e-1 7.2819513e-1
1.4e0 4.4e0 7.3375009e-1 7.3375009e-1
1.5e0 4.4e0 7.3880006e-1 7.3880006e-1
1.6e0 4.4e0 7.434196e-1 7.434196e-1
1.7e0 4.4e0 7.4764848e-1 7.4764848e-1
1.8e0 4.4e0 7.5151376e-1 7.5151376e-1
1.9e0 4.4e0 7.550459e-1 7.550459e-1
2.0e0 4.4e0 7.5827422e-1 7.5827422e-1
2.1e0 4.4e0 7.6122511e-1 7.6122511e-1
2.2e0 4.4e0 7.6392162e-1 7.6392162e-1
2.3e0 4.4e0 7.6638599e-1 7.6638599e-1
2.4e0 4.4e0 7.6863823e-1 7.6863823e-1
2.5e0 4.4e0 7.7069696e-1 7.7069696e-1
2.6e0 4.4e0 7.7257819e-1 7.7257819e-1
2.7e0 4.4e0 7.742975e-1 7.742975e-1
2.8e0 4.4e0 7.7586887e-1 7.7586887e-1
2.9e0 4.4e0 7.7730536e-1 7.7730536e-1
3.0e0 4.4e0 7.7861784e-1 7.7861784e-1
3.1e0 4.4e0 7.7981735e-1 7.7981735e-1
3.2e0 4.4e0 7.8091367e-1 7.8091367e-1
3.3e0 4.4e0 7.8191571e-1 7.8191571e-1
3.4e0 4.4e0 7.8283142e-1 7.8283142e-1
3.5e0 4.4e0 7.8366824e-1 7.8366824e-1
3.6e0 4.4e0 7.8443307e-1 7.8443307e-1
3.7e0 4.4e0 7.8513225e-1 7.8513225e-1
3.8e0 4.4e0 7.8577122e-1 7.8577122e-1
3.9e0 4.4e0 7.8635504e-1 7.8635504e-1
4.0e0 4.4e0 7.8688864e-1 7.8688864e-1
4.1e0 4.4e0 7.8737642e-1 7.8737642e-1
4.2e0 4.4e0 7.8782202e-1 7.8782202e-1
4.3e0 4.4e0 7.8822937e-1 7.8822937e-1
4.4e0 4.4e0 7.8860168e-1 7.8860168e-1
4.5e0 4.4e0 7.8894193e-1 7.8894193e-1
4.6e0 4.4e0 7.8925294e-1 7.8925294e-1
4.7e0 4.4e0 7.8953717e-1 7.8953717e-1
4.8e0 4.4e0 7.897969e-1 7.897969e-1
4.9e0 4.4e0 7.900343e-1 7.900343e-1
5.0e0 4.4e0 7.9025128e-1 7.9025128e-1

0.0e0 4.5e0 5.9341002e-1 5.9341002e-1
1.0e-1 4.5e0 6.1091498e-1 6.1091498e-1
2.0e-1 4.5e0 6.2686499e-1 6.2686499e-1
3.0e-1 4.5e0 6.4152502e-1 6.4152502e-1
4.0e-1 4.5e0 6.5487502e-1 6.5487502e-1
5.0e-1 4.5e0 6.6707503e-1 6.6707503e-1
6.0e-1 4.5e0 6.7822997e-1 6.7822997e-1
7.0e-1 4.5e0 6.8843497e-1 6.8843497e-1
8.0e-1 4.5e0 6.9773497e-1 6.9773497e-1
9.0e-1 4.5e0 7.0629004e-1 7.0629004e-1
1.0e0 4.5e0 7.1403998e-1 7.1403998e-1
1.1e0 4.5e0 7.2119002e-1 7.2119002e-1
1.2e0 4.5e0 7.2769003e-1 7.2769003e-1
1.3e0 4.5e0 7.3363997e-1 7.3363997e-1
1.4e0 4.5e0 7.3903998e-1 7.3903998e-1
1.5e0 4.5e0 7.4399496e-1 7.4399496e-1
1.6e0 4.5e0 7.485421e-1 7.485421e-1
1.7e0 4.5e0 7.5268732e-1 7.5268732e-1
1.8e0 4.5e0 7.5647647e-1 7.5647647e-1
1.9e0 4.5e0 7.5993877e-1 7.5993877e-1
2.0e0 4.5e0 7.631032e-1 7.631032e-1
2.1e0 4.5e0 7.6599512e-1 7.6599512e-1
2.2e0 4.5e0 7.6863847e-1 7.6863847e-1
2.3e0 4.5e0 7.7105402e-1 7.7105402e-1
2.4e0 4.5e0 7.7326176e-1 7.7326176e-1
2.5e0 4.5e0 7.7527939e-1 7.7527939e-1
2.6e0 4.5e0 7.7712378e-1 7.7712378e-1
2.7e0 4.5e0 7.7880917e-1 7.7880917e-1
2.8e0 4.5e0 7.8034944e-1 7.8034944e-1
2.9e0 4.5e0 7.8175708e-1 7.8175708e-1
3.0e0 4.5e0 7.8304367e-1 7.8304367e-1
3.1e0 4.5e0 7.842195e-1 7.842195e-1
3.2e0 4.5e0 7.8529398e-1 7.8529398e-1
3.3e0 4.5e0 7.8627618e-1 7.8627618e-1
3.4e0 4.5e0 7.8717395e-1 7.8717395e-1
3.5e0 4.5e0 7.879942e-1 7.879942e-1
3.6e0 4.5e0 7.8874397e-1 7.8874397e-1
3.7e0 4.5e0 7.8942912e-1 7.8942912e-1
3.8e0 4.5e0 7.9005539e-1 7.9005539e-1
3.9e0 4.5e0 7.9062769e-1 7.9062769e-1
4.0e0 4.5e0 7.9115073e-1 7.9115073e-1
4.1e0 4.5e0 7.9162874e-1 7.9162874e-1
4.2e0 4.5e0 7.9206557e-1 7.9206557e-1
4.3e0 4.5e0 7.9246498e-1 7.9246498e-1
4.4e0 4.5e0 7.928299e-1 7.928299e-1
4.5e0 4.5e0 7.931634e-1 7.931634e-1
4.6e0 4.5e0 7.9346823e-1 7.9346823e-1
4.7e0 4.5e0 7.9374684e-1 7.9374684e-1
4.8e0 4.5e0 7.9400143e-1 7.9400143e-1
4.9e0 4.5e0 7.9423412e-1 7.9423412e-1
5.0e0 4.5e0 7.9444678e-1 7.9444678e-1

0.0e0 4.6e0 6.0141013e-1 6.0141013e-1
1.0e-1 4.6e0 6.1857008e-1 6.1857008e-1
2.0e-1 4.6e0 6.3427008e-1 6.3427008e-1
3.0e-1 4.6e0 6.4857512e-1 6.4857512e-1
4.0e-1 4.6e0 6.616751e-1 6.616751e-1
5.0e-1 4.6e0 6.7363013e-1 6.7363013e-1
6.0e-1 4.6e0 6.8458006e-1 6.8458006e-1
7.0e-1 4.6e0 6.9458006e-1 6.9458006e-1
8.0e-1 4.6e0 7.037351e-1 7.037351e-1
9.0e-1 4.6e0 7.1209006e-1 7.1209006e-1
1.0e0 4.6e0 7.1969008e-1 7.1969008e-1
1.1e0 4.6e0 7.2669012e-1 7.2669012e-1
1.2e0 4.6e0 7.3304007e-1 7.3304007e-1
1.3e0 4.6e0 7.3889006e-1 7.3889006e-1
1.4e0 4.6e0 7.4419508e-1 7.4419508e-1
1.5e0 4.6e0 7.4904509e-1 7.4904509e-1
1.6e0 4.6e0 7.5349622e-1 7.5349622e-1
1.7e0 4.6e0 7.575592e-1 7.575592e-1
1.8e0 4.6e0 7.6127284e-1 7.6127284e-1
1.9e0 4.6e0 7.6466693e-1 7.6466693e-1
2.0e0 4.6e0 7.677685e-1 7.677685e-1
2.1e0 4.6e0 7.706033e-1 7.706033e-1
2.2e0 4.6e0 7.7319405e-1 7.7319405e-1
2.3e0 4.6e0 7.7556236e-1 7.7556236e-1
2.4e0 4.6e0 7.777262e-1 7.777262e-1
2.5e0 4.6e0 7.7970403e-1 7.7970403e-1
2.6e0 4.6e0 7.815114e-1 7.815114e-1
2.7e0 4.6e0 7.8316351e-1 7.8316351e-1
2.8e0 4.6e0 7.8467326e-1 7.8467326e-1
2.9e0 4.6e0 7.8605301e-1 7.8605301e-1
3.0e0 4.6e0 7.873142e-1 7.873142e-1
3.1e0 4.6e0 7.8846689e-1 7.8846689e-1
3.2e0 4.6e0 7.8952019e-1 7.8952019e-1
3.3e0 4.6e0 7.9048283e-1 7.9048283e-1
3.4e0 4.6e0 7.9136267e-1 7.9136267e-1
3.5e0 4.6e0 7.9216678e-1 7.9216678e-1
3.6e0 4.6e0 7.9290164e-1 7.9290164e-1
3.7e0 4.6e0 7.9357324e-1 7.9357324e-1
3.8e0 4.6e0 7.9418712e-1 7.9418712e-1
3.9e0 4.6e0 7.9474806e-1 7.9474806e-1
4.0e0 4.6e0 7.9526085e-1 7.9526085e-1
4.1e0 4.6e0 7.9572934e-1 7.9572934e-1
4.2e0 4.6e0 7.961576e-1 7.961576e-1
4.3e0 4.6e0 7.9654895e-1 7.9654895e-1
4.4e0 4.6e0 7.9690672e-1 7.9690672e-1
4.5e0 4.6e0 7.9723363e-1 7.9723363e-1
4.6e0 4.6e0 7.9753241e-1 7.9753241e-1
4.7e0 4.6e0 7.9780547e-1 7.9780547e-1
4.8e0 4.6e0 7.9805508e-1 7.9805508e-1
4.9e0 4.6e0 7.9828314e-1 7.9828314e-1
5.0e0 4.6e0 7.9849161e-1 7.9849161e-1

0.0e0 4.7e0 6.0931e-1 6.0931e-1
1.0e-1 4.7e0 6.2611e-1 6.2611e-1
2.0e-1 4.7e0 6.4151497e-1 6.4151497e-1
3.0e-1 4.7e0 6.5552498e-1 6.5552498e-1
4.0e-1 4.7e0 6.6837997e-1 6.6837997e-1
5.0e-1 4.7e0 6.8013e-1 6.8013e-1
6.0e-1 4.7e0 6.9083e-1 6.9083e-1
7.0e-1 4.7e0 7.00635e-1 7.00635e-1
8.0e-1 4.7e0 7.0958496e-1 7.0958496e-1
9.0e-1 4.7e0 7.1778503e-1 7.1778503e-1
1.0e0 4.7e0 7.2524002e-1 7.2524002e-1
1.1e0 4.7e0 7.3209e-1 7.3209e-1
1.2e0 4.7e0 7.3834e-1 7.3834e-1
1.3e0 4.7e0 7.4404503e-1 7.4404503e-1
1.4e0 4.7e0 7.49245e-1 7.49245e-1
1.5e0 4.7e0 7.5404999e-1 7.5404999e-1
1.6e0 4.7e0 7.5838106e-1 7.5838106e-1
1.7e0 4.7e0 7.6236365e-1 7.6236365e-1
1.8e0 4.7e0 7.6600346e-1 7.6600346e-1
1.9e0 4.7e0 7.693301e-1 7.693301e-1
2.0e0 4.7e0 7.7237105e-1 7.7237105e-1
2.1e0 4.7e0 7.751496e-1 7.751496e-1
2.2e0 4.7e0 7.7768912e-1 7.7768912e-1
2.3e0 4.7e0 7.8000981e-1 7.8000981e-1
2.4e0 4.7e0 7.8213115e-1 7.8213115e-1
2.5e0 4.7e0 7.8406975e-1 7.8406975e-1
2.6e0 4.7e0 7.8584143e-1 7.8584143e-1
2.7e0 4.7e0 7.8746054e-1 7.8746054e-1
2.8e0 4.7e0 7.8894075e-1 7.8894075e-1
2.9e0 4.7e0 7.9029323e-1 7.9029323e-1
3.0e0 4.7e0 7.9152937e-1 7.9152937e-1
3.1e0 4.7e0 7.9265897e-1 7.9265897e-1
3.2e0 4.7e0 7.9369156e-1 7.9369156e-1
3.3e0 4.7e0 7.9463516e-1 7.9463516e-1
3.4e0 4.7e0 7.9549759e-1 7.9549759e-1
3.5e0 4.7e0 7.962857e-1 7.962857e-1
3.6e0 4.7e0 7.9700601e-1 7.9700601e-1
3.7e0 4.7e0 7.9766447e-1 7.9766447e-1
3.8e0 4.7e0 7.9826611e-1 7.9826611e-1
3.9e0 4.7e0 7.9881598e-1 7.9881598e-1
4.0e0 4.7e0 7.9931853e-1 7.9931853e-1
4.1e0 4.7e0 7.9977779e-1 7.9977779e-1
4.2e0 4.7e0 8.0019753e-1 8.0019753e-1
4.3e0 4.7e0 8.0058118e-1 8.0058118e-1
4.4e0 4.7e0 8.009318e-1 8.009318e-1
4.5e0 4.7e0 8.012523e-1 8.012523e-1
4.6e0 4.7e0 8.0154515e-1 8.0154515e-1
4.7e0 4.7e0 8.0181282e-1 8.0181282e-1
4.8e0 4.7e0 8.0205743e-1 8.0205743e-1
4.9e0 4.7e0 8.0228104e-1 8.0228104e-1
5.0e0 4.7e0 8.0248534e-1 8.0248534e-1

0.0e0 4.8e0 6.1701997e-1 6.1701997e-1
1.0e-1 4.8e0 6.3351999e-1 6.3351999e-1
2.0e-1 4.8e0 6.48575e-1 6.48575e-1
3.0e-1 4.8e0 6.6233003e-1 6.6233003e-1
4.0e-1 4.8e0 6.7493501e-1 6.7493501e-1
5.0e-1 4.8e0 6.8643e-1 6.8643e-1
6.0e-1 4.8e0 6.9694002e-1 6.9694002e-1
7.0e-1 4.8e0 7.0653497e-1 7.0653497e-1
8.0e-1 4.8e0 7.1533998e-1 7.1533998e-1
9.0e-1 4.8e0 7.2334497e-1 7.2334497e-1
1.0e0 4.8e0 7.3070001e-1 7.3070001e-1
1.1e0 4.8e0 7.3739496e-1 7.3739496e-1
1.2e0 4.8e0 7.435e-1 7.435e-1
1.3e0 4.8e0 7.4909998e-1 7.4909998e-1
1.4e0 4.8e0 7.5420503e-1 7.5420503e-1
1.5e0 4.8e0 7.5888028e-1 7.5888028e-1
1.6e0 4.8e0 7.6315181e-1 7.6315181e-1
1.7e0 4.8e0 7.6705638e-1 7.6705638e-1
1.8e0 4.8e0 7.7062418e-1 7.7062418e-1
1.9e0 4.8e0 7.7388477e-1 7.7388477e-1
2.0e0 4.8e0 7.7686479e-1 7.7686479e-1
2.1e0 4.8e0 7.795887e-1 7.795887e-1
2.2e0 4.8e0 7.8207797e-1 7.8207797e-1
2.3e0 4.8e0 7.8435278e-1 7.8435278e-1
2.4e0 4.8e0 7.8643185e-1 7.8643185e-1
2.5e0 4.8e0 7.8833255e-1 7.8833255e-1
2.6e0 4.8e0 7.9006924e-1 7.9006924e-1
2.7e0 4.8e0 7.9165614e-1 7.9165614e-1
2.8e0 4.8e0 7.9310683e-1 7.9310683e-1
2.9e0 4.8e0 7.9443265e-1 7.9443265e-1
3.0e0 4.8e0 7.9564421e-1 7.9564421e-1
3.1e0 4.8e0 7.9675156e-1 7.9675156e-1
3.2e0 4.8e0 7.9776353e-1 7.9776353e-1
3.3e0 4.8e0 7.9868848e-1 7.9868848e-1
3.4e0 4.8e0 7.9953392e-1 7.9953392e-1
3.5e0 4.8e0 8.0030644e-1 8.0030644e-1
3.6e0 4.8e0 8.0101253e-1 8.0101253e-1
3.7e0 4.8e0 8.016578e-1 8.016578e-1
3.8e0 4.8e0 8.0224762e-1 8.0224762e-1
3.9e0 4.8e0 8.027866e-1 8.027866e-1
4.0e0 4.8e0 8.0327922e-1 8.0327922e-1
4.1e0 4.8e0 8.0372931e-1 8.0372931e-1
4.2e0 4.8e0 8.0414085e-1 8.0414085e-1
4.3e0 4.8e0 8.0451688e-1 8.0451688e-1
4.4e0 4.8e0 8.0486055e-1 8.0486055e-1
4.5e0 4.8e0 8.0517464e-1 8.0517464e-1
4.6e0 4.8e0 8.0546173e-1 8.0546173e-1
4.7e0 4.8e0 8.0572409e-1 8.0572409e-1
4.8e0 4.8e0 8.0596387e-1 8.0596387e-1
4.9e0 4.8e0 8.06183e-1 8.06183e-1
5.0e0 4.8e0 8.0638332e-1 8.0638332e-1

0.0e0 4.9e0 6.2462003e-1 6.2462003e-1
1.0e-1 4.9e0 6.4077e-1 6.4077e-1
2.0e-1 4.9e0 6.5558003e-1 6.5558003e-1
3.0e-1 4.9e0 6.6902997e-1 6.6902997e-1
4.0e-1 4.9e0 6.8137997e-1 6.8137997e-1
5.0e-1 4.9e0 6.9263501e-1 6.9263501e-1
6.0e-1 4.9e0 7.02935e-1 7.02935e-1
7.0e-1 4.9e0 7.1239003e-1 7.1239003e-1
8.0e-1 4.9e0 7.20995e-1 7.20995e-1
9.0e-1 4.9e0 7.2884503e-1 7.2884503e-1
1.0e0 4.9e0 7.3604497e-1 7.3604497e-1
1.1e0 4.9e0 7.4259999e-1 7.4259999e-1
1.2e0 4.9e0 7.4859502e-1 7.4859502e-1
1.3e0 4.9e0 7.541e-1 7.541e-1
1.4e0 4.9e0 7.5910497e-1 7.5910497e-1
1.5e0 4.9e0 7.636636e-1 7.636636e-1
1.6e0 4.9e0 7.6785037e-1 7.6785037e-1
1.7e0 4.9e0 7.716769e-1 7.716769e-1
1.8e0 4.9e0 7.751744e-1 7.751744e-1
1.9e0 4.9e0 7.7837038e-1 7.7837038e-1
2.0e0 4.9e0 7.8129149e-1 7.8129149e-1
2.1e0 4.9e0 7.8396132e-1 7.8396132e-1
2.2e0 4.9e0 7.8640149e-1 7.8640149e-1
2.3e0 4.9e0 7.8863141e-1 7.8863141e-1
2.4e0 4.9e0 7.9066924e-1 7.9066924e-1
2.5e0 4.9e0 7.9253195e-1 7.9253195e-1
2.6e0 4.9e0 7.9423419e-1 7.9423419e-1
2.7e0 4.9e0 7.9579e-1 7.9579e-1
2.8e0 4.9e0 7.9721187e-1 7.9721187e-1
2.9e0 4.9e0 7.9851126e-1 7.9851126e-1
3.0e0 4.9e0 7.9969882e-1 7.9969882e-1
3.1e0 4.9e0 8.0078448e-1 8.0078448e-1
3.2e0 4.9e0 8.0177644e-1 8.0177644e-1
3.3e0 4.9e0 8.02683e-1 8.02683e-1
3.4e0 4.9e0 8.035116e-1 8.035116e-1
3.5e0 4.9e0 8.0426897e-1 8.0426897e-1
3.6e0 4.9e0 8.0496094e-1 8.0496094e-1
3.7e0 4.9e0 8.0559348e-1 8.0559348e-1
3.8e0 4.9e0 8.0617157e-1 8.0617157e-1
3.9e0 4.9e0 8.067e-1 8.067e-1
4.0e0 4.9e0 8.071828e-1 8.071828e-1
4.1e0 4.9e0 8.07624e-1 8.07624e-1
4.2e0 4.9e0 8.080273e-1 8.080273e-1
4.3e0 4.9e0 8.0839597e-1 8.0839597e-1
4.4e0 4.9e0 8.0873282e-1 8.0873282e-1
4.5e0 4.9e0 8.0904068e-1 8.0904068e-1
4.6e0 4.9e0 8.0932207e-1 8.0932207e-1
4.7e0 4.9e0 8.0957927e-1 8.0957927e-1
4.8e0 4.9e0 8.0981432e-1 8.0981432e-1
4.9e0 4.9e0 8.100291e-1 8.100291e-1
5.0e0 4.9e0 8.102254e-1 8.102254e-1

0.0e0 5.0e0 6.3212999e-1 6.3212999e-1
1.0e-1 5.0e0 6.4793001e-1 6.4793001e-1
2.0e-1 5.0e0 6.6242998e-1 6.6242998e-1
3.0e-1 5.0e0 6.7563997e-1 6.7563997e-1
4.0e-1 5.0e0 6.8774004e-1 6.8774004e-1
5.0e-1 5.0e0 6.9879503e-1 6.9879503e-1
6.0e-1 5.0e0 7.0889497e-1 7.0889497e-1
7.0e-1 5.0e0 7.1809503e-1 7.1809503e-1
8.0e-1 5.0e0 7.2655e-1 7.2655e-1
9.0e-1 5.0e0 7.3424501e-1 7.3424501e-1
1.0e0 5.0e0 7.4130502e-1 7.4130502e-1
1.1e0 5.0e0 7.4770502e-1 7.4770502e-1
1.2e0 5.0e0 7.5360498e-1 7.5360498e-1
1.3e0 5.0e0 7.5900499e-1 7.5900499e-1
1.4e0 5.0e0 7.6390497e-1 7.6390497e-1
1.5e0 5.0e0 7.683817e-1 7.683817e-1
1.6e0 5.0e0 7.7248566e-1 7.7248566e-1
1.7e0 5.0e0 7.7623642e-1 7.7623642e-1
1.8e0 5.0e0 7.7966415e-1 7.7966415e-1
1.9e0 5.0e0 7.8279787e-1 7.8279787e-1
2.0e0 5.0e0 7.8566092e-1 7.8566092e-1
2.1e0 5.0e0 7.8827766e-1 7.8827766e-1
2.2e0 5.0e0 7.9066928e-1 7.9066928e-1
2.3e0 5.0e0 7.9285524e-1 7.9285524e-1
2.4e0 5.0e0 7.9485278e-1 7.9485278e-1
2.5e0 5.0e0 7.9667844e-1 7.9667844e-1
2.6e0 5.0e0 7.9834703e-1 7.9834703e-1
2.7e0 5.0e0 7.9987196e-1 7.9987196e-1
2.8e0 5.0e0 8.012659e-1 8.012659e-1
2.9e0 5.0e0 8.0253964e-1 8.0253964e-1
3.0e0 5.0e0 8.0370372e-1 8.0370372e-1
3.1e0 5.0e0 8.0476767e-1 8.0476767e-1
3.2e0 5.0e0 8.0573996e-1 8.0573996e-1
3.3e0 5.0e0 8.066286e-1 8.066286e-1
3.4e0 5.0e0 8.0744083e-1 8.0744083e-1
3.5e0 5.0e0 8.0818307e-1 8.0818307e-1
3.6e0 5.0e0 8.0886156e-1 8.0886156e-1
3.7e0 5.0e0 8.0948155e-1 8.0948155e-1
3.8e0 5.0e0 8.1004822e-1 8.1004822e-1
3.9e0 5.0e0 8.1056598e-1 8.1056598e-1
4.0e0 5.0e0 8.1103932e-1 8.1103932e-1
4.1e0 5.0e0 8.114718e-1 8.114718e-1
4.2e0 5.0e0 8.1186711e-1 8.1186711e-1
4.3e0 5.0e0 8.1222841e-1 8.1222841e-1
4.4e0 5.0e0 8.1255869e-1 8.1255869e-1
4.5e0 5.0e0 8.1286046e-1 8.1286046e-1
4.6e0 5.0e0 8.1313625e-1 8.1313625e-1
4.7e0 5.0e0 8.1338832e-1 8.1338832e-1
4.8e0 5.0e0 8.1361871e-1 8.1361871e-1
4.9e0 5.0e0 8.1382927e-1 8.1382927e-1
5.0e0 5.0e0 8.1402168e-1 8.1402168e-1
